3.000E+00 1.000E-00 0.400E+00 1.250E+00 1.000E+00 1.000E-06 1.000E-01 900    
    1      0.0000000      0.0000000
    2      0.0344828      0.0000000
    3      0.0689655      0.0000000
    4      0.1034483      0.0000000
    5      0.1379310      0.0000000
    6      0.1724138      0.0000000
    7      0.2068966      0.0000000
    8      0.2413793      0.0000000
    9      0.2758621      0.0000000
   10      0.3103448      0.0000000
   11      0.3448276      0.0000000
   12      0.3793103      0.0000000
   13      0.4137931      0.0000000
   14      0.4482759      0.0000000
   15      0.4827586      0.0000000
   16      0.5172414      0.0000000
   17      0.5517241      0.0000000
   18      0.5862069      0.0000000
   19      0.6206896      0.0000000
   20      0.6551724      0.0000000
   21      0.6896552      0.0000000
   22      0.7241379      0.0000000
   23      0.7586207      0.0000000
   24      0.7931035      0.0000000
   25      0.8275862      0.0000000
   26      0.8620690      0.0000000
   27      0.8965517      0.0000000
   28      0.9310345      0.0000000
   29      0.9655172      0.0000000
   30      1.0000000      0.0000000
   31      0.0000000      0.0344828
   32      0.0344828      0.0344828
   33      0.0689655      0.0344828
   34      0.1034483      0.0344828
   35      0.1379310      0.0344828
   36      0.1724138      0.0344828
   37      0.2068966      0.0344828
   38      0.2413793      0.0344828
   39      0.2758621      0.0344828
   40      0.3103448      0.0344828
   41      0.3448276      0.0344828
   42      0.3793103      0.0344828
   43      0.4137931      0.0344828
   44      0.4482759      0.0344828
   45      0.4827586      0.0344828
   46      0.5172414      0.0344828
   47      0.5517241      0.0344828
   48      0.5862069      0.0344828
   49      0.6206896      0.0344828
   50      0.6551724      0.0344828
   51      0.6896552      0.0344828
   52      0.7241379      0.0344828
   53      0.7586207      0.0344828
   54      0.7931035      0.0344828
   55      0.8275862      0.0344828
   56      0.8620690      0.0344828
   57      0.8965517      0.0344828
   58      0.9310345      0.0344828
   59      0.9655172      0.0344828
   60      1.0000000      0.0344828
   61      0.0000000      0.0689655
   62      0.0344828      0.0689655
   63      0.0689655      0.0689655
   64      0.1034483      0.0689655
   65      0.1379310      0.0689655
   66      0.1724138      0.0689655
   67      0.2068966      0.0689655
   68      0.2413793      0.0689655
   69      0.2758621      0.0689655
   70      0.3103448      0.0689655
   71      0.3448276      0.0689655
   72      0.3793103      0.0689655
   73      0.4137931      0.0689655
   74      0.4482759      0.0689655
   75      0.4827586      0.0689655
   76      0.5172414      0.0689655
   77      0.5517241      0.0689655
   78      0.5862069      0.0689655
   79      0.6206896      0.0689655
   80      0.6551724      0.0689655
   81      0.6896552      0.0689655
   82      0.7241379      0.0689655
   83      0.7586207      0.0689655
   84      0.7931035      0.0689655
   85      0.8275862      0.0689655
   86      0.8620690      0.0689655
   87      0.8965517      0.0689655
   88      0.9310345      0.0689655
   89      0.9655172      0.0689655
   90      1.0000000      0.0689655
   91      0.0000000      0.1034483
   92      0.0344828      0.1034483
   93      0.0689655      0.1034483
   94      0.1034483      0.1034483
   95      0.1379310      0.1034483
   96      0.1724138      0.1034483
   97      0.2068966      0.1034483
   98      0.2413793      0.1034483
   99      0.2758621      0.1034483
  100      0.3103448      0.1034483
  101      0.3448276      0.1034483
  102      0.3793103      0.1034483
  103      0.4137931      0.1034483
  104      0.4482759      0.1034483
  105      0.4827586      0.1034483
  106      0.5172414      0.1034483
  107      0.5517241      0.1034483
  108      0.5862069      0.1034483
  109      0.6206896      0.1034483
  110      0.6551724      0.1034483
  111      0.6896552      0.1034483
  112      0.7241379      0.1034483
  113      0.7586207      0.1034483
  114      0.7931035      0.1034483
  115      0.8275862      0.1034483
  116      0.8620690      0.1034483
  117      0.8965517      0.1034483
  118      0.9310345      0.1034483
  119      0.9655172      0.1034483
  120      1.0000000      0.1034483
  121      0.0000000      0.1379310
  122      0.0344828      0.1379310
  123      0.0689655      0.1379310
  124      0.1034483      0.1379310
  125      0.1379310      0.1379310
  126      0.1724138      0.1379310
  127      0.2068966      0.1379310
  128      0.2413793      0.1379310
  129      0.2758621      0.1379310
  130      0.3103448      0.1379310
  131      0.3448276      0.1379310
  132      0.3793103      0.1379310
  133      0.4137931      0.1379310
  134      0.4482759      0.1379310
  135      0.4827586      0.1379310
  136      0.5172414      0.1379310
  137      0.5517241      0.1379310
  138      0.5862069      0.1379310
  139      0.6206896      0.1379310
  140      0.6551724      0.1379310
  141      0.6896552      0.1379310
  142      0.7241379      0.1379310
  143      0.7586207      0.1379310
  144      0.7931035      0.1379310
  145      0.8275862      0.1379310
  146      0.8620690      0.1379310
  147      0.8965517      0.1379310
  148      0.9310345      0.1379310
  149      0.9655172      0.1379310
  150      1.0000000      0.1379310
  151      0.0000000      0.1724138
  152      0.0344828      0.1724138
  153      0.0689655      0.1724138
  154      0.1034483      0.1724138
  155      0.1379310      0.1724138
  156      0.1724138      0.1724138
  157      0.2068966      0.1724138
  158      0.2413793      0.1724138
  159      0.2758621      0.1724138
  160      0.3103448      0.1724138
  161      0.3448276      0.1724138
  162      0.3793103      0.1724138
  163      0.4137931      0.1724138
  164      0.4482759      0.1724138
  165      0.4827586      0.1724138
  166      0.5172414      0.1724138
  167      0.5517241      0.1724138
  168      0.5862069      0.1724138
  169      0.6206896      0.1724138
  170      0.6551724      0.1724138
  171      0.6896552      0.1724138
  172      0.7241379      0.1724138
  173      0.7586207      0.1724138
  174      0.7931035      0.1724138
  175      0.8275862      0.1724138
  176      0.8620690      0.1724138
  177      0.8965517      0.1724138
  178      0.9310345      0.1724138
  179      0.9655172      0.1724138
  180      1.0000000      0.1724138
  181      0.0000000      0.2068966
  182      0.0344828      0.2068966
  183      0.0689655      0.2068966
  184      0.1034483      0.2068966
  185      0.1379310      0.2068966
  186      0.1724138      0.2068966
  187      0.2068966      0.2068966
  188      0.2413793      0.2068966
  189      0.2758621      0.2068966
  190      0.3103448      0.2068966
  191      0.3448276      0.2068966
  192      0.3793103      0.2068966
  193      0.4137931      0.2068966
  194      0.4482759      0.2068966
  195      0.4827586      0.2068966
  196      0.5172414      0.2068966
  197      0.5517241      0.2068966
  198      0.5862069      0.2068966
  199      0.6206896      0.2068966
  200      0.6551724      0.2068966
  201      0.6896552      0.2068966
  202      0.7241379      0.2068966
  203      0.7586207      0.2068966
  204      0.7931035      0.2068966
  205      0.8275862      0.2068966
  206      0.8620690      0.2068966
  207      0.8965517      0.2068966
  208      0.9310345      0.2068966
  209      0.9655172      0.2068966
  210      1.0000000      0.2068966
  211      0.0000000      0.2413793
  212      0.0344828      0.2413793
  213      0.0689655      0.2413793
  214      0.1034483      0.2413793
  215      0.1379310      0.2413793
  216      0.1724138      0.2413793
  217      0.2068966      0.2413793
  218      0.2413793      0.2413793
  219      0.2758621      0.2413793
  220      0.3103448      0.2413793
  221      0.3448276      0.2413793
  222      0.3793103      0.2413793
  223      0.4137931      0.2413793
  224      0.4482759      0.2413793
  225      0.4827586      0.2413793
  226      0.5172414      0.2413793
  227      0.5517241      0.2413793
  228      0.5862069      0.2413793
  229      0.6206896      0.2413793
  230      0.6551724      0.2413793
  231      0.6896552      0.2413793
  232      0.7241379      0.2413793
  233      0.7586207      0.2413793
  234      0.7931035      0.2413793
  235      0.8275862      0.2413793
  236      0.8620690      0.2413793
  237      0.8965517      0.2413793
  238      0.9310345      0.2413793
  239      0.9655172      0.2413793
  240      1.0000000      0.2413793
  241      0.0000000      0.2758621
  242      0.0344828      0.2758621
  243      0.0689655      0.2758621
  244      0.1034483      0.2758621
  245      0.1379310      0.2758621
  246      0.1724138      0.2758621
  247      0.2068966      0.2758621
  248      0.2413793      0.2758621
  249      0.2758621      0.2758621
  250      0.3103448      0.2758621
  251      0.3448276      0.2758621
  252      0.3793103      0.2758621
  253      0.4137931      0.2758621
  254      0.4482759      0.2758621
  255      0.4827586      0.2758621
  256      0.5172414      0.2758621
  257      0.5517241      0.2758621
  258      0.5862069      0.2758621
  259      0.6206896      0.2758621
  260      0.6551724      0.2758621
  261      0.6896552      0.2758621
  262      0.7241379      0.2758621
  263      0.7586207      0.2758621
  264      0.7931035      0.2758621
  265      0.8275862      0.2758621
  266      0.8620690      0.2758621
  267      0.8965517      0.2758621
  268      0.9310345      0.2758621
  269      0.9655172      0.2758621
  270      1.0000000      0.2758621
  271      0.0000000      0.3103448
  272      0.0344828      0.3103448
  273      0.0689655      0.3103448
  274      0.1034483      0.3103448
  275      0.1379310      0.3103448
  276      0.1724138      0.3103448
  277      0.2068966      0.3103448
  278      0.2413793      0.3103448
  279      0.2758621      0.3103448
  280      0.3103448      0.3103448
  281      0.3448276      0.3103448
  282      0.3793103      0.3103448
  283      0.4137931      0.3103448
  284      0.4482759      0.3103448
  285      0.4827586      0.3103448
  286      0.5172414      0.3103448
  287      0.5517241      0.3103448
  288      0.5862069      0.3103448
  289      0.6206896      0.3103448
  290      0.6551724      0.3103448
  291      0.6896552      0.3103448
  292      0.7241379      0.3103448
  293      0.7586207      0.3103448
  294      0.7931035      0.3103448
  295      0.8275862      0.3103448
  296      0.8620690      0.3103448
  297      0.8965517      0.3103448
  298      0.9310345      0.3103448
  299      0.9655172      0.3103448
  300      1.0000000      0.3103448
  301      0.0000000      0.3448276
  302      0.0344828      0.3448276
  303      0.0689655      0.3448276
  304      0.1034483      0.3448276
  305      0.1379310      0.3448276
  306      0.1724138      0.3448276
  307      0.2068966      0.3448276
  308      0.2413793      0.3448276
  309      0.2758621      0.3448276
  310      0.3103448      0.3448276
  311      0.3448276      0.3448276
  312      0.3793103      0.3448276
  313      0.4137931      0.3448276
  314      0.4482759      0.3448276
  315      0.4827586      0.3448276
  316      0.5172414      0.3448276
  317      0.5517241      0.3448276
  318      0.5862069      0.3448276
  319      0.6206896      0.3448276
  320      0.6551724      0.3448276
  321      0.6896552      0.3448276
  322      0.7241379      0.3448276
  323      0.7586207      0.3448276
  324      0.7931035      0.3448276
  325      0.8275862      0.3448276
  326      0.8620690      0.3448276
  327      0.8965517      0.3448276
  328      0.9310345      0.3448276
  329      0.9655172      0.3448276
  330      1.0000000      0.3448276
  331      0.0000000      0.3793103
  332      0.0344828      0.3793103
  333      0.0689655      0.3793103
  334      0.1034483      0.3793103
  335      0.1379310      0.3793103
  336      0.1724138      0.3793103
  337      0.2068966      0.3793103
  338      0.2413793      0.3793103
  339      0.2758621      0.3793103
  340      0.3103448      0.3793103
  341      0.3448276      0.3793103
  342      0.3793103      0.3793103
  343      0.4137931      0.3793103
  344      0.4482759      0.3793103
  345      0.4827586      0.3793103
  346      0.5172414      0.3793103
  347      0.5517241      0.3793103
  348      0.5862069      0.3793103
  349      0.6206896      0.3793103
  350      0.6551724      0.3793103
  351      0.6896552      0.3793103
  352      0.7241379      0.3793103
  353      0.7586207      0.3793103
  354      0.7931035      0.3793103
  355      0.8275862      0.3793103
  356      0.8620690      0.3793103
  357      0.8965517      0.3793103
  358      0.9310345      0.3793103
  359      0.9655172      0.3793103
  360      1.0000000      0.3793103
  361      0.0000000      0.4137931
  362      0.0344828      0.4137931
  363      0.0689655      0.4137931
  364      0.1034483      0.4137931
  365      0.1379310      0.4137931
  366      0.1724138      0.4137931
  367      0.2068966      0.4137931
  368      0.2413793      0.4137931
  369      0.2758621      0.4137931
  370      0.3103448      0.4137931
  371      0.3448276      0.4137931
  372      0.3793103      0.4137931
  373      0.4137931      0.4137931
  374      0.4482759      0.4137931
  375      0.4827586      0.4137931
  376      0.5172414      0.4137931
  377      0.5517241      0.4137931
  378      0.5862069      0.4137931
  379      0.6206896      0.4137931
  380      0.6551724      0.4137931
  381      0.6896552      0.4137931
  382      0.7241379      0.4137931
  383      0.7586207      0.4137931
  384      0.7931035      0.4137931
  385      0.8275862      0.4137931
  386      0.8620690      0.4137931
  387      0.8965517      0.4137931
  388      0.9310345      0.4137931
  389      0.9655172      0.4137931
  390      1.0000000      0.4137931
  391      0.0000000      0.4482759
  392      0.0344828      0.4482759
  393      0.0689655      0.4482759
  394      0.1034483      0.4482759
  395      0.1379310      0.4482759
  396      0.1724138      0.4482759
  397      0.2068966      0.4482759
  398      0.2413793      0.4482759
  399      0.2758621      0.4482759
  400      0.3103448      0.4482759
  401      0.3448276      0.4482759
  402      0.3793103      0.4482759
  403      0.4137931      0.4482759
  404      0.4482759      0.4482759
  405      0.4827586      0.4482759
  406      0.5172414      0.4482759
  407      0.5517241      0.4482759
  408      0.5862069      0.4482759
  409      0.6206896      0.4482759
  410      0.6551724      0.4482759
  411      0.6896552      0.4482759
  412      0.7241379      0.4482759
  413      0.7586207      0.4482759
  414      0.7931035      0.4482759
  415      0.8275862      0.4482759
  416      0.8620690      0.4482759
  417      0.8965517      0.4482759
  418      0.9310345      0.4482759
  419      0.9655172      0.4482759
  420      1.0000000      0.4482759
  421      0.0000000      0.4827586
  422      0.0344828      0.4827586
  423      0.0689655      0.4827586
  424      0.1034483      0.4827586
  425      0.1379310      0.4827586
  426      0.1724138      0.4827586
  427      0.2068966      0.4827586
  428      0.2413793      0.4827586
  429      0.2758621      0.4827586
  430      0.3103448      0.4827586
  431      0.3448276      0.4827586
  432      0.3793103      0.4827586
  433      0.4137931      0.4827586
  434      0.4482759      0.4827586
  435      0.4827586      0.4827586
  436      0.5172414      0.4827586
  437      0.5517241      0.4827586
  438      0.5862069      0.4827586
  439      0.6206896      0.4827586
  440      0.6551724      0.4827586
  441      0.6896552      0.4827586
  442      0.7241379      0.4827586
  443      0.7586207      0.4827586
  444      0.7931035      0.4827586
  445      0.8275862      0.4827586
  446      0.8620690      0.4827586
  447      0.8965517      0.4827586
  448      0.9310345      0.4827586
  449      0.9655172      0.4827586
  450      1.0000000      0.4827586
  451      0.0000000      0.5172414
  452      0.0344828      0.5172414
  453      0.0689655      0.5172414
  454      0.1034483      0.5172414
  455      0.1379310      0.5172414
  456      0.1724138      0.5172414
  457      0.2068966      0.5172414
  458      0.2413793      0.5172414
  459      0.2758621      0.5172414
  460      0.3103448      0.5172414
  461      0.3448276      0.5172414
  462      0.3793103      0.5172414
  463      0.4137931      0.5172414
  464      0.4482759      0.5172414
  465      0.4827586      0.5172414
  466      0.5172414      0.5172414
  467      0.5517241      0.5172414
  468      0.5862069      0.5172414
  469      0.6206896      0.5172414
  470      0.6551724      0.5172414
  471      0.6896552      0.5172414
  472      0.7241379      0.5172414
  473      0.7586207      0.5172414
  474      0.7931035      0.5172414
  475      0.8275862      0.5172414
  476      0.8620690      0.5172414
  477      0.8965517      0.5172414
  478      0.9310345      0.5172414
  479      0.9655172      0.5172414
  480      1.0000000      0.5172414
  481      0.0000000      0.5517241
  482      0.0344828      0.5517241
  483      0.0689655      0.5517241
  484      0.1034483      0.5517241
  485      0.1379310      0.5517241
  486      0.1724138      0.5517241
  487      0.2068966      0.5517241
  488      0.2413793      0.5517241
  489      0.2758621      0.5517241
  490      0.3103448      0.5517241
  491      0.3448276      0.5517241
  492      0.3793103      0.5517241
  493      0.4137931      0.5517241
  494      0.4482759      0.5517241
  495      0.4827586      0.5517241
  496      0.5172414      0.5517241
  497      0.5517241      0.5517241
  498      0.5862069      0.5517241
  499      0.6206896      0.5517241
  500      0.6551724      0.5517241
  501      0.6896552      0.5517241
  502      0.7241379      0.5517241
  503      0.7586207      0.5517241
  504      0.7931035      0.5517241
  505      0.8275862      0.5517241
  506      0.8620690      0.5517241
  507      0.8965517      0.5517241
  508      0.9310345      0.5517241
  509      0.9655172      0.5517241
  510      1.0000000      0.5517241
  511      0.0000000      0.5862069
  512      0.0344828      0.5862069
  513      0.0689655      0.5862069
  514      0.1034483      0.5862069
  515      0.1379310      0.5862069
  516      0.1724138      0.5862069
  517      0.2068966      0.5862069
  518      0.2413793      0.5862069
  519      0.2758621      0.5862069
  520      0.3103448      0.5862069
  521      0.3448276      0.5862069
  522      0.3793103      0.5862069
  523      0.4137931      0.5862069
  524      0.4482759      0.5862069
  525      0.4827586      0.5862069
  526      0.5172414      0.5862069
  527      0.5517241      0.5862069
  528      0.5862069      0.5862069
  529      0.6206896      0.5862069
  530      0.6551724      0.5862069
  531      0.6896552      0.5862069
  532      0.7241379      0.5862069
  533      0.7586207      0.5862069
  534      0.7931035      0.5862069
  535      0.8275862      0.5862069
  536      0.8620690      0.5862069
  537      0.8965517      0.5862069
  538      0.9310345      0.5862069
  539      0.9655172      0.5862069
  540      1.0000000      0.5862069
  541      0.0000000      0.6206896
  542      0.0344828      0.6206896
  543      0.0689655      0.6206896
  544      0.1034483      0.6206896
  545      0.1379310      0.6206896
  546      0.1724138      0.6206896
  547      0.2068966      0.6206896
  548      0.2413793      0.6206896
  549      0.2758621      0.6206896
  550      0.3103448      0.6206896
  551      0.3448276      0.6206896
  552      0.3793103      0.6206896
  553      0.4137931      0.6206896
  554      0.4482759      0.6206896
  555      0.4827586      0.6206896
  556      0.5172414      0.6206896
  557      0.5517241      0.6206896
  558      0.5862069      0.6206896
  559      0.6206896      0.6206896
  560      0.6551724      0.6206896
  561      0.6896552      0.6206896
  562      0.7241379      0.6206896
  563      0.7586207      0.6206896
  564      0.7931035      0.6206896
  565      0.8275862      0.6206896
  566      0.8620690      0.6206896
  567      0.8965517      0.6206896
  568      0.9310345      0.6206896
  569      0.9655172      0.6206896
  570      1.0000000      0.6206896
  571      0.0000000      0.6551724
  572      0.0344828      0.6551724
  573      0.0689655      0.6551724
  574      0.1034483      0.6551724
  575      0.1379310      0.6551724
  576      0.1724138      0.6551724
  577      0.2068966      0.6551724
  578      0.2413793      0.6551724
  579      0.2758621      0.6551724
  580      0.3103448      0.6551724
  581      0.3448276      0.6551724
  582      0.3793103      0.6551724
  583      0.4137931      0.6551724
  584      0.4482759      0.6551724
  585      0.4827586      0.6551724
  586      0.5172414      0.6551724
  587      0.5517241      0.6551724
  588      0.5862069      0.6551724
  589      0.6206896      0.6551724
  590      0.6551724      0.6551724
  591      0.6896552      0.6551724
  592      0.7241379      0.6551724
  593      0.7586207      0.6551724
  594      0.7931035      0.6551724
  595      0.8275862      0.6551724
  596      0.8620690      0.6551724
  597      0.8965517      0.6551724
  598      0.9310345      0.6551724
  599      0.9655172      0.6551724
  600      1.0000000      0.6551724
  601      0.0000000      0.6896552
  602      0.0344828      0.6896552
  603      0.0689655      0.6896552
  604      0.1034483      0.6896552
  605      0.1379310      0.6896552
  606      0.1724138      0.6896552
  607      0.2068966      0.6896552
  608      0.2413793      0.6896552
  609      0.2758621      0.6896552
  610      0.3103448      0.6896552
  611      0.3448276      0.6896552
  612      0.3793103      0.6896552
  613      0.4137931      0.6896552
  614      0.4482759      0.6896552
  615      0.4827586      0.6896552
  616      0.5172414      0.6896552
  617      0.5517241      0.6896552
  618      0.5862069      0.6896552
  619      0.6206896      0.6896552
  620      0.6551724      0.6896552
  621      0.6896552      0.6896552
  622      0.7241379      0.6896552
  623      0.7586207      0.6896552
  624      0.7931035      0.6896552
  625      0.8275862      0.6896552
  626      0.8620690      0.6896552
  627      0.8965517      0.6896552
  628      0.9310345      0.6896552
  629      0.9655172      0.6896552
  630      1.0000000      0.6896552
  631      0.0000000      0.7241379
  632      0.0344828      0.7241379
  633      0.0689655      0.7241379
  634      0.1034483      0.7241379
  635      0.1379310      0.7241379
  636      0.1724138      0.7241379
  637      0.2068966      0.7241379
  638      0.2413793      0.7241379
  639      0.2758621      0.7241379
  640      0.3103448      0.7241379
  641      0.3448276      0.7241379
  642      0.3793103      0.7241379
  643      0.4137931      0.7241379
  644      0.4482759      0.7241379
  645      0.4827586      0.7241379
  646      0.5172414      0.7241379
  647      0.5517241      0.7241379
  648      0.5862069      0.7241379
  649      0.6206896      0.7241379
  650      0.6551724      0.7241379
  651      0.6896552      0.7241379
  652      0.7241379      0.7241379
  653      0.7586207      0.7241379
  654      0.7931035      0.7241379
  655      0.8275862      0.7241379
  656      0.8620690      0.7241379
  657      0.8965517      0.7241379
  658      0.9310345      0.7241379
  659      0.9655172      0.7241379
  660      1.0000000      0.7241379
  661      0.0000000      0.7586207
  662      0.0344828      0.7586207
  663      0.0689655      0.7586207
  664      0.1034483      0.7586207
  665      0.1379310      0.7586207
  666      0.1724138      0.7586207
  667      0.2068966      0.7586207
  668      0.2413793      0.7586207
  669      0.2758621      0.7586207
  670      0.3103448      0.7586207
  671      0.3448276      0.7586207
  672      0.3793103      0.7586207
  673      0.4137931      0.7586207
  674      0.4482759      0.7586207
  675      0.4827586      0.7586207
  676      0.5172414      0.7586207
  677      0.5517241      0.7586207
  678      0.5862069      0.7586207
  679      0.6206896      0.7586207
  680      0.6551724      0.7586207
  681      0.6896552      0.7586207
  682      0.7241379      0.7586207
  683      0.7586207      0.7586207
  684      0.7931035      0.7586207
  685      0.8275862      0.7586207
  686      0.8620690      0.7586207
  687      0.8965517      0.7586207
  688      0.9310345      0.7586207
  689      0.9655172      0.7586207
  690      1.0000000      0.7586207
  691      0.0000000      0.7931035
  692      0.0344828      0.7931035
  693      0.0689655      0.7931035
  694      0.1034483      0.7931035
  695      0.1379310      0.7931035
  696      0.1724138      0.7931035
  697      0.2068966      0.7931035
  698      0.2413793      0.7931035
  699      0.2758621      0.7931035
  700      0.3103448      0.7931035
  701      0.3448276      0.7931035
  702      0.3793103      0.7931035
  703      0.4137931      0.7931035
  704      0.4482759      0.7931035
  705      0.4827586      0.7931035
  706      0.5172414      0.7931035
  707      0.5517241      0.7931035
  708      0.5862069      0.7931035
  709      0.6206896      0.7931035
  710      0.6551724      0.7931035
  711      0.6896552      0.7931035
  712      0.7241379      0.7931035
  713      0.7586207      0.7931035
  714      0.7931035      0.7931035
  715      0.8275862      0.7931035
  716      0.8620690      0.7931035
  717      0.8965517      0.7931035
  718      0.9310345      0.7931035
  719      0.9655172      0.7931035
  720      1.0000000      0.7931035
  721      0.0000000      0.8275862
  722      0.0344828      0.8275862
  723      0.0689655      0.8275862
  724      0.1034483      0.8275862
  725      0.1379310      0.8275862
  726      0.1724138      0.8275862
  727      0.2068966      0.8275862
  728      0.2413793      0.8275862
  729      0.2758621      0.8275862
  730      0.3103448      0.8275862
  731      0.3448276      0.8275862
  732      0.3793103      0.8275862
  733      0.4137931      0.8275862
  734      0.4482759      0.8275862
  735      0.4827586      0.8275862
  736      0.5172414      0.8275862
  737      0.5517241      0.8275862
  738      0.5862069      0.8275862
  739      0.6206896      0.8275862
  740      0.6551724      0.8275862
  741      0.6896552      0.8275862
  742      0.7241379      0.8275862
  743      0.7586207      0.8275862
  744      0.7931035      0.8275862
  745      0.8275862      0.8275862
  746      0.8620690      0.8275862
  747      0.8965517      0.8275862
  748      0.9310345      0.8275862
  749      0.9655172      0.8275862
  750      1.0000000      0.8275862
  751      0.0000000      0.8620690
  752      0.0344828      0.8620690
  753      0.0689655      0.8620690
  754      0.1034483      0.8620690
  755      0.1379310      0.8620690
  756      0.1724138      0.8620690
  757      0.2068966      0.8620690
  758      0.2413793      0.8620690
  759      0.2758621      0.8620690
  760      0.3103448      0.8620690
  761      0.3448276      0.8620690
  762      0.3793103      0.8620690
  763      0.4137931      0.8620690
  764      0.4482759      0.8620690
  765      0.4827586      0.8620690
  766      0.5172414      0.8620690
  767      0.5517241      0.8620690
  768      0.5862069      0.8620690
  769      0.6206896      0.8620690
  770      0.6551724      0.8620690
  771      0.6896552      0.8620690
  772      0.7241379      0.8620690
  773      0.7586207      0.8620690
  774      0.7931035      0.8620690
  775      0.8275862      0.8620690
  776      0.8620690      0.8620690
  777      0.8965517      0.8620690
  778      0.9310345      0.8620690
  779      0.9655172      0.8620690
  780      1.0000000      0.8620690
  781      0.0000000      0.8965517
  782      0.0344828      0.8965517
  783      0.0689655      0.8965517
  784      0.1034483      0.8965517
  785      0.1379310      0.8965517
  786      0.1724138      0.8965517
  787      0.2068966      0.8965517
  788      0.2413793      0.8965517
  789      0.2758621      0.8965517
  790      0.3103448      0.8965517
  791      0.3448276      0.8965517
  792      0.3793103      0.8965517
  793      0.4137931      0.8965517
  794      0.4482759      0.8965517
  795      0.4827586      0.8965517
  796      0.5172414      0.8965517
  797      0.5517241      0.8965517
  798      0.5862069      0.8965517
  799      0.6206896      0.8965517
  800      0.6551724      0.8965517
  801      0.6896552      0.8965517
  802      0.7241379      0.8965517
  803      0.7586207      0.8965517
  804      0.7931035      0.8965517
  805      0.8275862      0.8965517
  806      0.8620690      0.8965517
  807      0.8965517      0.8965517
  808      0.9310345      0.8965517
  809      0.9655172      0.8965517
  810      1.0000000      0.8965517
  811      0.0000000      0.9310345
  812      0.0344828      0.9310345
  813      0.0689655      0.9310345
  814      0.1034483      0.9310345
  815      0.1379310      0.9310345
  816      0.1724138      0.9310345
  817      0.2068966      0.9310345
  818      0.2413793      0.9310345
  819      0.2758621      0.9310345
  820      0.3103448      0.9310345
  821      0.3448276      0.9310345
  822      0.3793103      0.9310345
  823      0.4137931      0.9310345
  824      0.4482759      0.9310345
  825      0.4827586      0.9310345
  826      0.5172414      0.9310345
  827      0.5517241      0.9310345
  828      0.5862069      0.9310345
  829      0.6206896      0.9310345
  830      0.6551724      0.9310345
  831      0.6896552      0.9310345
  832      0.7241379      0.9310345
  833      0.7586207      0.9310345
  834      0.7931035      0.9310345
  835      0.8275862      0.9310345
  836      0.8620690      0.9310345
  837      0.8965517      0.9310345
  838      0.9310345      0.9310345
  839      0.9655172      0.9310345
  840      1.0000000      0.9310345
  841      0.0000000      0.9655172
  842      0.0344828      0.9655172
  843      0.0689655      0.9655172
  844      0.1034483      0.9655172
  845      0.1379310      0.9655172
  846      0.1724138      0.9655172
  847      0.2068966      0.9655172
  848      0.2413793      0.9655172
  849      0.2758621      0.9655172
  850      0.3103448      0.9655172
  851      0.3448276      0.9655172
  852      0.3793103      0.9655172
  853      0.4137931      0.9655172
  854      0.4482759      0.9655172
  855      0.4827586      0.9655172
  856      0.5172414      0.9655172
  857      0.5517241      0.9655172
  858      0.5862069      0.9655172
  859      0.6206896      0.9655172
  860      0.6551724      0.9655172
  861      0.6896552      0.9655172
  862      0.7241379      0.9655172
  863      0.7586207      0.9655172
  864      0.7931035      0.9655172
  865      0.8275862      0.9655172
  866      0.8620690      0.9655172
  867      0.8965517      0.9655172
  868      0.9310345      0.9655172
  869      0.9655172      0.9655172
  870      1.0000000      0.9655172
  871      0.0000000      1.0000000
  872      0.0344828      1.0000000
  873      0.0689655      1.0000000
  874      0.1034483      1.0000000
  875      0.1379310      1.0000000
  876      0.1724138      1.0000000
  877      0.2068966      1.0000000
  878      0.2413793      1.0000000
  879      0.2758621      1.0000000
  880      0.3103448      1.0000000
  881      0.3448276      1.0000000
  882      0.3793103      1.0000000
  883      0.4137931      1.0000000
  884      0.4482759      1.0000000
  885      0.4827586      1.0000000
  886      0.5172414      1.0000000
  887      0.5517241      1.0000000
  888      0.5862069      1.0000000
  889      0.6206896      1.0000000
  890      0.6551724      1.0000000
  891      0.6896552      1.0000000
  892      0.7241379      1.0000000
  893      0.7586207      1.0000000
  894      0.7931035      1.0000000
  895      0.8275862      1.0000000
  896      0.8620690      1.0000000
  897      0.8965517      1.0000000
  898      0.9310345      1.0000000
  899      0.9655172      1.0000000
  900      1.0000000      1.0000000
    1      0.0000000      0.0000000
    2      0.0000000      0.0000000
    3      0.0000000      0.0000000
    4      0.0000000      0.0000000
    5      0.0000000      0.0000000
    6      0.0000000      0.0000000
    7      0.0000000      0.0000000
    8      0.0000000      0.0000000
    9      0.0000000      0.0000000
   10      0.0000000      0.0000000
   11      0.0000000      0.0000000
   12      0.0000000      0.0000000
   13      0.0000000      0.0000000
   14      0.0000000      0.0000000
   15      0.0000000      0.0000000
   16      0.0000000      0.0000000
   17      0.0000000      0.0000000
   18      0.0000000      0.0000000
   19      0.0000000      0.0000000
   20      0.0000000      0.0000000
   21      0.0000000      0.0000000
   22      0.0000000      0.0000000
   23      0.0000000      0.0000000
   24      0.0000000      0.0000000
   25      0.0000000      0.0000000
   26      0.0000000      0.0000000
   27      0.0000000      0.0000000
   28      0.0000000      0.0000000
   29      0.0000000      0.0000000
   30      0.0000000      0.0000000
   31      0.0275862      0.0000000
   32      0.0275862      0.0000000
   33      0.0275862      0.0000000
   34      0.0275862      0.0000000
   35      0.0275862      0.0000000
   36      0.0275862      0.0000000
   37      0.0275862      0.0000000
   38      0.0275862      0.0000000
   39      0.0275862      0.0000000
   40      0.0275862      0.0000000
   41      0.0275862      0.0000000
   42      0.0275862      0.0000000
   43      0.0275862      0.0000000
   44      0.0275862      0.0000000
   45      0.0275862      0.0000000
   46      0.0275862      0.0000000
   47      0.0275862      0.0000000
   48      0.0275862      0.0000000
   49      0.0275862      0.0000000
   50      0.0275862      0.0000000
   51      0.0275862      0.0000000
   52      0.0275862      0.0000000
   53      0.0275862      0.0000000
   54      0.0275862      0.0000000
   55      0.0275862      0.0000000
   56      0.0275862      0.0000000
   57      0.0275862      0.0000000
   58      0.0275862      0.0000000
   59      0.0275862      0.0000000
   60      0.0275862      0.0000000
   61      0.0551724      0.0000000
   62      0.0551724      0.0000000
   63      0.0551724      0.0000000
   64      0.0551724      0.0000000
   65      0.0551724      0.0000000
   66      0.0551724      0.0000000
   67      0.0551724      0.0000000
   68      0.0551724      0.0000000
   69      0.0551724      0.0000000
   70      0.0551724      0.0000000
   71      0.0551724      0.0000000
   72      0.0551724      0.0000000
   73      0.0551724      0.0000000
   74      0.0551724      0.0000000
   75      0.0551724      0.0000000
   76      0.0551724      0.0000000
   77      0.0551724      0.0000000
   78      0.0551724      0.0000000
   79      0.0551724      0.0000000
   80      0.0551724      0.0000000
   81      0.0551724      0.0000000
   82      0.0551724      0.0000000
   83      0.0551724      0.0000000
   84      0.0551724      0.0000000
   85      0.0551724      0.0000000
   86      0.0551724      0.0000000
   87      0.0551724      0.0000000
   88      0.0551724      0.0000000
   89      0.0551724      0.0000000
   90      0.0551724      0.0000000
   91      0.0827586      0.0000000
   92      0.0827586      0.0000000
   93      0.0827586      0.0000000
   94      0.0827586      0.0000000
   95      0.0827586      0.0000000
   96      0.0827586      0.0000000
   97      0.0827586      0.0000000
   98      0.0827586      0.0000000
   99      0.0827586      0.0000000
  100      0.0827586      0.0000000
  101      0.0827586      0.0000000
  102      0.0827586      0.0000000
  103      0.0827586      0.0000000
  104      0.0827586      0.0000000
  105      0.0827586      0.0000000
  106      0.0827586      0.0000000
  107      0.0827586      0.0000000
  108      0.0827586      0.0000000
  109      0.0827586      0.0000000
  110      0.0827586      0.0000000
  111      0.0827586      0.0000000
  112      0.0827586      0.0000000
  113      0.0827586      0.0000000
  114      0.0827586      0.0000000
  115      0.0827586      0.0000000
  116      0.0827586      0.0000000
  117      0.0827586      0.0000000
  118      0.0827586      0.0000000
  119      0.0827586      0.0000000
  120      0.0827586      0.0000000
  121      0.1103448      0.0000000
  122      0.1103448      0.0000000
  123      0.1103448      0.0000000
  124      0.1103448      0.0000000
  125      0.1103448      0.0000000
  126      0.1103448      0.0000000
  127      0.1103448      0.0000000
  128      0.1103448      0.0000000
  129      0.1103448      0.0000000
  130      0.1103448      0.0000000
  131      0.1103448      0.0000000
  132      0.1103448      0.0000000
  133      0.1103448      0.0000000
  134      0.1103448      0.0000000
  135      0.1103448      0.0000000
  136      0.1103448      0.0000000
  137      0.1103448      0.0000000
  138      0.1103448      0.0000000
  139      0.1103448      0.0000000
  140      0.1103448      0.0000000
  141      0.1103448      0.0000000
  142      0.1103448      0.0000000
  143      0.1103448      0.0000000
  144      0.1103448      0.0000000
  145      0.1103448      0.0000000
  146      0.1103448      0.0000000
  147      0.1103448      0.0000000
  148      0.1103448      0.0000000
  149      0.1103448      0.0000000
  150      0.1103448      0.0000000
  151      0.1379310      0.0000000
  152      0.1379310      0.0000000
  153      0.1379310      0.0000000
  154      0.1379310      0.0000000
  155      0.1379310      0.0000000
  156      0.1379310      0.0000000
  157      0.1379310      0.0000000
  158      0.1379310      0.0000000
  159      0.1379310      0.0000000
  160      0.1379310      0.0000000
  161      0.1379310      0.0000000
  162      0.1379310      0.0000000
  163      0.1379310      0.0000000
  164      0.1379310      0.0000000
  165      0.1379310      0.0000000
  166      0.1379310      0.0000000
  167      0.1379310      0.0000000
  168      0.1379310      0.0000000
  169      0.1379310      0.0000000
  170      0.1379310      0.0000000
  171      0.1379310      0.0000000
  172      0.1379310      0.0000000
  173      0.1379310      0.0000000
  174      0.1379310      0.0000000
  175      0.1379310      0.0000000
  176      0.1379310      0.0000000
  177      0.1379310      0.0000000
  178      0.1379310      0.0000000
  179      0.1379310      0.0000000
  180      0.1379310      0.0000000
  181      0.1655173      0.0000000
  182      0.1655173      0.0000000
  183      0.1655173      0.0000000
  184      0.1655173      0.0000000
  185      0.1655173      0.0000000
  186      0.1655173      0.0000000
  187      0.1655173      0.0000000
  188      0.1655173      0.0000000
  189      0.1655173      0.0000000
  190      0.1655173      0.0000000
  191      0.1655173      0.0000000
  192      0.1655173      0.0000000
  193      0.1655173      0.0000000
  194      0.1655173      0.0000000
  195      0.1655173      0.0000000
  196      0.1655173      0.0000000
  197      0.1655173      0.0000000
  198      0.1655173      0.0000000
  199      0.1655173      0.0000000
  200      0.1655173      0.0000000
  201      0.1655173      0.0000000
  202      0.1655173      0.0000000
  203      0.1655173      0.0000000
  204      0.1655173      0.0000000
  205      0.1655173      0.0000000
  206      0.1655173      0.0000000
  207      0.1655173      0.0000000
  208      0.1655173      0.0000000
  209      0.1655173      0.0000000
  210      0.1655173      0.0000000
  211      0.1931034      0.0000000
  212      0.1931034      0.0000000
  213      0.1931034      0.0000000
  214      0.1931034      0.0000000
  215      0.1931034      0.0000000
  216      0.1931034      0.0000000
  217      0.1931034      0.0000000
  218      0.1931034      0.0000000
  219      0.1931034      0.0000000
  220      0.1931034      0.0000000
  221      0.1931034      0.0000000
  222      0.1931034      0.0000000
  223      0.1931034      0.0000000
  224      0.1931034      0.0000000
  225      0.1931034      0.0000000
  226      0.1931034      0.0000000
  227      0.1931034      0.0000000
  228      0.1931034      0.0000000
  229      0.1931034      0.0000000
  230      0.1931034      0.0000000
  231      0.1931034      0.0000000
  232      0.1931034      0.0000000
  233      0.1931034      0.0000000
  234      0.1931034      0.0000000
  235      0.1931034      0.0000000
  236      0.1931034      0.0000000
  237      0.1931034      0.0000000
  238      0.1931034      0.0000000
  239      0.1931034      0.0000000
  240      0.1931034      0.0000000
  241      0.2206897      0.0000000
  242      0.2206897      0.0000000
  243      0.2206897      0.0000000
  244      0.2206897      0.0000000
  245      0.2206897      0.0000000
  246      0.2206897      0.0000000
  247      0.2206897      0.0000000
  248      0.2206897      0.0000000
  249      0.2206897      0.0000000
  250      0.2206897      0.0000000
  251      0.2206897      0.0000000
  252      0.2206897      0.0000000
  253      0.2206897      0.0000000
  254      0.2206897      0.0000000
  255      0.2206897      0.0000000
  256      0.2206897      0.0000000
  257      0.2206897      0.0000000
  258      0.2206897      0.0000000
  259      0.2206897      0.0000000
  260      0.2206897      0.0000000
  261      0.2206897      0.0000000
  262      0.2206897      0.0000000
  263      0.2206897      0.0000000
  264      0.2206897      0.0000000
  265      0.2206897      0.0000000
  266      0.2206897      0.0000000
  267      0.2206897      0.0000000
  268      0.2206897      0.0000000
  269      0.2206897      0.0000000
  270      0.2206897      0.0000000
  271      0.2482759      0.0000000
  272      0.2482759      0.0000000
  273      0.2482759      0.0000000
  274      0.2482759      0.0000000
  275      0.2482759      0.0000000
  276      0.2482759      0.0000000
  277      0.2482759      0.0000000
  278      0.2482759      0.0000000
  279      0.2482759      0.0000000
  280      0.2482759      0.0000000
  281      0.2482759      0.0000000
  282      0.2482759      0.0000000
  283      0.2482759      0.0000000
  284      0.2482759      0.0000000
  285      0.2482759      0.0000000
  286      0.2482759      0.0000000
  287      0.2482759      0.0000000
  288      0.2482759      0.0000000
  289      0.2482759      0.0000000
  290      0.2482759      0.0000000
  291      0.2482759      0.0000000
  292      0.2482759      0.0000000
  293      0.2482759      0.0000000
  294      0.2482759      0.0000000
  295      0.2482759      0.0000000
  296      0.2482759      0.0000000
  297      0.2482759      0.0000000
  298      0.2482759      0.0000000
  299      0.2482759      0.0000000
  300      0.2482759      0.0000000
  301      0.2758621      0.0000000
  302      0.2758621      0.0000000
  303      0.2758621      0.0000000
  304      0.2758621      0.0000000
  305      0.2758621      0.0000000
  306      0.2758621      0.0000000
  307      0.2758621      0.0000000
  308      0.2758621      0.0000000
  309      0.2758621      0.0000000
  310      0.2758621      0.0000000
  311      0.2758621      0.0000000
  312      0.2758621      0.0000000
  313      0.2758621      0.0000000
  314      0.2758621      0.0000000
  315      0.2758621      0.0000000
  316      0.2758621      0.0000000
  317      0.2758621      0.0000000
  318      0.2758621      0.0000000
  319      0.2758621      0.0000000
  320      0.2758621      0.0000000
  321      0.2758621      0.0000000
  322      0.2758621      0.0000000
  323      0.2758621      0.0000000
  324      0.2758621      0.0000000
  325      0.2758621      0.0000000
  326      0.2758621      0.0000000
  327      0.2758621      0.0000000
  328      0.2758621      0.0000000
  329      0.2758621      0.0000000
  330      0.2758621      0.0000000
  331      0.3034483      0.0000000
  332      0.3034483      0.0000000
  333      0.3034483      0.0000000
  334      0.3034483      0.0000000
  335      0.3034483      0.0000000
  336      0.3034483      0.0000000
  337      0.3034483      0.0000000
  338      0.3034483      0.0000000
  339      0.3034483      0.0000000
  340      0.3034483      0.0000000
  341      0.3034483      0.0000000
  342      0.3034483      0.0000000
  343      0.3034483      0.0000000
  344      0.3034483      0.0000000
  345      0.3034483      0.0000000
  346      0.3034483      0.0000000
  347      0.3034483      0.0000000
  348      0.3034483      0.0000000
  349      0.3034483      0.0000000
  350      0.3034483      0.0000000
  351      0.3034483      0.0000000
  352      0.3034483      0.0000000
  353      0.3034483      0.0000000
  354      0.3034483      0.0000000
  355      0.3034483      0.0000000
  356      0.3034483      0.0000000
  357      0.3034483      0.0000000
  358      0.3034483      0.0000000
  359      0.3034483      0.0000000
  360      0.3034483      0.0000000
  361      0.3310345      0.0000000
  362      0.3310345      0.0000000
  363      0.3310345      0.0000000
  364      0.3310345      0.0000000
  365      0.3310345      0.0000000
  366      0.3310345      0.0000000
  367      0.3310345      0.0000000
  368      0.3310345      0.0000000
  369      0.3310345      0.0000000
  370      0.3310345      0.0000000
  371      0.3310345      0.0000000
  372      0.3310345      0.0000000
  373      0.3310345      0.0000000
  374      0.3310345      0.0000000
  375      0.3310345      0.0000000
  376      0.3310345      0.0000000
  377      0.3310345      0.0000000
  378      0.3310345      0.0000000
  379      0.3310345      0.0000000
  380      0.3310345      0.0000000
  381      0.3310345      0.0000000
  382      0.3310345      0.0000000
  383      0.3310345      0.0000000
  384      0.3310345      0.0000000
  385      0.3310345      0.0000000
  386      0.3310345      0.0000000
  387      0.3310345      0.0000000
  388      0.3310345      0.0000000
  389      0.3310345      0.0000000
  390      0.3310345      0.0000000
  391      0.3586207      0.0000000
  392      0.3586207      0.0000000
  393      0.3586207      0.0000000
  394      0.3586207      0.0000000
  395      0.3586207      0.0000000
  396      0.3586207      0.0000000
  397      0.3586207      0.0000000
  398      0.3586207      0.0000000
  399      0.3586207      0.0000000
  400      0.3586207      0.0000000
  401      0.3586207      0.0000000
  402      0.3586207      0.0000000
  403      0.3586207      0.0000000
  404      0.3586207      0.0000000
  405      0.3586207      0.0000000
  406      0.3586207      0.0000000
  407      0.3586207      0.0000000
  408      0.3586207      0.0000000
  409      0.3586207      0.0000000
  410      0.3586207      0.0000000
  411      0.3586207      0.0000000
  412      0.3586207      0.0000000
  413      0.3586207      0.0000000
  414      0.3586207      0.0000000
  415      0.3586207      0.0000000
  416      0.3586207      0.0000000
  417      0.3586207      0.0000000
  418      0.3586207      0.0000000
  419      0.3586207      0.0000000
  420      0.3586207      0.0000000
  421      0.3862069      0.0000000
  422      0.3862069      0.0000000
  423      0.3862069      0.0000000
  424      0.3862069      0.0000000
  425      0.3862069      0.0000000
  426      0.3862069      0.0000000
  427      0.3862069      0.0000000
  428      0.3862069      0.0000000
  429      0.3862069      0.0000000
  430      0.3862069      0.0000000
  431      0.3862069      0.0000000
  432      0.3862069      0.0000000
  433      0.3862069      0.0000000
  434      0.3862069      0.0000000
  435      0.3862069      0.0000000
  436      0.3862069      0.0000000
  437      0.3862069      0.0000000
  438      0.3862069      0.0000000
  439      0.3862069      0.0000000
  440      0.3862069      0.0000000
  441      0.3862069      0.0000000
  442      0.3862069      0.0000000
  443      0.3862069      0.0000000
  444      0.3862069      0.0000000
  445      0.3862069      0.0000000
  446      0.3862069      0.0000000
  447      0.3862069      0.0000000
  448      0.3862069      0.0000000
  449      0.3862069      0.0000000
  450      0.3862069      0.0000000
  451      0.4137931      0.0000000
  452      0.4137931      0.0000000
  453      0.4137931      0.0000000
  454      0.4137931      0.0000000
  455      0.4137931      0.0000000
  456      0.4137931      0.0000000
  457      0.4137931      0.0000000
  458      0.4137931      0.0000000
  459      0.4137931      0.0000000
  460      0.4137931      0.0000000
  461      0.4137931      0.0000000
  462      0.4137931      0.0000000
  463      0.4137931      0.0000000
  464      0.4137931      0.0000000
  465      0.4137931      0.0000000
  466      0.4137931      0.0000000
  467      0.4137931      0.0000000
  468      0.4137931      0.0000000
  469      0.4137931      0.0000000
  470      0.4137931      0.0000000
  471      0.4137931      0.0000000
  472      0.4137931      0.0000000
  473      0.4137931      0.0000000
  474      0.4137931      0.0000000
  475      0.4137931      0.0000000
  476      0.4137931      0.0000000
  477      0.4137931      0.0000000
  478      0.4137931      0.0000000
  479      0.4137931      0.0000000
  480      0.4137931      0.0000000
  481      0.4413793      0.0000000
  482      0.4413793      0.0000000
  483      0.4413793      0.0000000
  484      0.4413793      0.0000000
  485      0.4413793      0.0000000
  486      0.4413793      0.0000000
  487      0.4413793      0.0000000
  488      0.4413793      0.0000000
  489      0.4413793      0.0000000
  490      0.4413793      0.0000000
  491      0.4413793      0.0000000
  492      0.4413793      0.0000000
  493      0.4413793      0.0000000
  494      0.4413793      0.0000000
  495      0.4413793      0.0000000
  496      0.4413793      0.0000000
  497      0.4413793      0.0000000
  498      0.4413793      0.0000000
  499      0.4413793      0.0000000
  500      0.4413793      0.0000000
  501      0.4413793      0.0000000
  502      0.4413793      0.0000000
  503      0.4413793      0.0000000
  504      0.4413793      0.0000000
  505      0.4413793      0.0000000
  506      0.4413793      0.0000000
  507      0.4413793      0.0000000
  508      0.4413793      0.0000000
  509      0.4413793      0.0000000
  510      0.4413793      0.0000000
  511      0.4689655      0.0000000
  512      0.4689655      0.0000000
  513      0.4689655      0.0000000
  514      0.4689655      0.0000000
  515      0.4689655      0.0000000
  516      0.4689655      0.0000000
  517      0.4689655      0.0000000
  518      0.4689655      0.0000000
  519      0.4689655      0.0000000
  520      0.4689655      0.0000000
  521      0.4689655      0.0000000
  522      0.4689655      0.0000000
  523      0.4689655      0.0000000
  524      0.4689655      0.0000000
  525      0.4689655      0.0000000
  526      0.4689655      0.0000000
  527      0.4689655      0.0000000
  528      0.4689655      0.0000000
  529      0.4689655      0.0000000
  530      0.4689655      0.0000000
  531      0.4689655      0.0000000
  532      0.4689655      0.0000000
  533      0.4689655      0.0000000
  534      0.4689655      0.0000000
  535      0.4689655      0.0000000
  536      0.4689655      0.0000000
  537      0.4689655      0.0000000
  538      0.4689655      0.0000000
  539      0.4689655      0.0000000
  540      0.4689655      0.0000000
  541      0.4965517      0.0000000
  542      0.4965517      0.0000000
  543      0.4965517      0.0000000
  544      0.4965517      0.0000000
  545      0.4965517      0.0000000
  546      0.4965517      0.0000000
  547      0.4965517      0.0000000
  548      0.4965517      0.0000000
  549      0.4965517      0.0000000
  550      0.4965517      0.0000000
  551      0.4965517      0.0000000
  552      0.4965517      0.0000000
  553      0.4965517      0.0000000
  554      0.4965517      0.0000000
  555      0.4965517      0.0000000
  556      0.4965517      0.0000000
  557      0.4965517      0.0000000
  558      0.4965517      0.0000000
  559      0.4965517      0.0000000
  560      0.4965517      0.0000000
  561      0.4965517      0.0000000
  562      0.4965517      0.0000000
  563      0.4965517      0.0000000
  564      0.4965517      0.0000000
  565      0.4965517      0.0000000
  566      0.4965517      0.0000000
  567      0.4965517      0.0000000
  568      0.4965517      0.0000000
  569      0.4965517      0.0000000
  570      0.4965517      0.0000000
  571      0.5241379      0.0000000
  572      0.5241379      0.0000000
  573      0.5241379      0.0000000
  574      0.5241379      0.0000000
  575      0.5241379      0.0000000
  576      0.5241379      0.0000000
  577      0.5241379      0.0000000
  578      0.5241379      0.0000000
  579      0.5241379      0.0000000
  580      0.5241379      0.0000000
  581      0.5241379      0.0000000
  582      0.5241379      0.0000000
  583      0.5241379      0.0000000
  584      0.5241379      0.0000000
  585      0.5241379      0.0000000
  586      0.5241379      0.0000000
  587      0.5241379      0.0000000
  588      0.5241379      0.0000000
  589      0.5241379      0.0000000
  590      0.5241379      0.0000000
  591      0.5241379      0.0000000
  592      0.5241379      0.0000000
  593      0.5241379      0.0000000
  594      0.5241379      0.0000000
  595      0.5241379      0.0000000
  596      0.5241379      0.0000000
  597      0.5241379      0.0000000
  598      0.5241379      0.0000000
  599      0.5241379      0.0000000
  600      0.5241379      0.0000000
  601      0.5517241      0.0000000
  602      0.5517241      0.0000000
  603      0.5517241      0.0000000
  604      0.5517241      0.0000000
  605      0.5517241      0.0000000
  606      0.5517241      0.0000000
  607      0.5517241      0.0000000
  608      0.5517241      0.0000000
  609      0.5517241      0.0000000
  610      0.5517241      0.0000000
  611      0.5517241      0.0000000
  612      0.5517241      0.0000000
  613      0.5517241      0.0000000
  614      0.5517241      0.0000000
  615      0.5517241      0.0000000
  616      0.5517241      0.0000000
  617      0.5517241      0.0000000
  618      0.5517241      0.0000000
  619      0.5517241      0.0000000
  620      0.5517241      0.0000000
  621      0.5517241      0.0000000
  622      0.5517241      0.0000000
  623      0.5517241      0.0000000
  624      0.5517241      0.0000000
  625      0.5517241      0.0000000
  626      0.5517241      0.0000000
  627      0.5517241      0.0000000
  628      0.5517241      0.0000000
  629      0.5517241      0.0000000
  630      0.5517241      0.0000000
  631      0.5793104      0.0000000
  632      0.5793104      0.0000000
  633      0.5793104      0.0000000
  634      0.5793104      0.0000000
  635      0.5793104      0.0000000
  636      0.5793104      0.0000000
  637      0.5793104      0.0000000
  638      0.5793104      0.0000000
  639      0.5793104      0.0000000
  640      0.5793104      0.0000000
  641      0.5793104      0.0000000
  642      0.5793104      0.0000000
  643      0.5793104      0.0000000
  644      0.5793104      0.0000000
  645      0.5793104      0.0000000
  646      0.5793104      0.0000000
  647      0.5793104      0.0000000
  648      0.5793104      0.0000000
  649      0.5793104      0.0000000
  650      0.5793104      0.0000000
  651      0.5793104      0.0000000
  652      0.5793104      0.0000000
  653      0.5793104      0.0000000
  654      0.5793104      0.0000000
  655      0.5793104      0.0000000
  656      0.5793104      0.0000000
  657      0.5793104      0.0000000
  658      0.5793104      0.0000000
  659      0.5793104      0.0000000
  660      0.5793104      0.0000000
  661      0.6068966      0.0000000
  662      0.6068966      0.0000000
  663      0.6068966      0.0000000
  664      0.6068966      0.0000000
  665      0.6068966      0.0000000
  666      0.6068966      0.0000000
  667      0.6068966      0.0000000
  668      0.6068966      0.0000000
  669      0.6068966      0.0000000
  670      0.6068966      0.0000000
  671      0.6068966      0.0000000
  672      0.6068966      0.0000000
  673      0.6068966      0.0000000
  674      0.6068966      0.0000000
  675      0.6068966      0.0000000
  676      0.6068966      0.0000000
  677      0.6068966      0.0000000
  678      0.6068966      0.0000000
  679      0.6068966      0.0000000
  680      0.6068966      0.0000000
  681      0.6068966      0.0000000
  682      0.6068966      0.0000000
  683      0.6068966      0.0000000
  684      0.6068966      0.0000000
  685      0.6068966      0.0000000
  686      0.6068966      0.0000000
  687      0.6068966      0.0000000
  688      0.6068966      0.0000000
  689      0.6068966      0.0000000
  690      0.6068966      0.0000000
  691      0.6344828      0.0000000
  692      0.6344828      0.0000000
  693      0.6344828      0.0000000
  694      0.6344828      0.0000000
  695      0.6344828      0.0000000
  696      0.6344828      0.0000000
  697      0.6344828      0.0000000
  698      0.6344828      0.0000000
  699      0.6344828      0.0000000
  700      0.6344828      0.0000000
  701      0.6344828      0.0000000
  702      0.6344828      0.0000000
  703      0.6344828      0.0000000
  704      0.6344828      0.0000000
  705      0.6344828      0.0000000
  706      0.6344828      0.0000000
  707      0.6344828      0.0000000
  708      0.6344828      0.0000000
  709      0.6344828      0.0000000
  710      0.6344828      0.0000000
  711      0.6344828      0.0000000
  712      0.6344828      0.0000000
  713      0.6344828      0.0000000
  714      0.6344828      0.0000000
  715      0.6344828      0.0000000
  716      0.6344828      0.0000000
  717      0.6344828      0.0000000
  718      0.6344828      0.0000000
  719      0.6344828      0.0000000
  720      0.6344828      0.0000000
  721      0.6620690      0.0000000
  722      0.6620690      0.0000000
  723      0.6620690      0.0000000
  724      0.6620690      0.0000000
  725      0.6620690      0.0000000
  726      0.6620690      0.0000000
  727      0.6620690      0.0000000
  728      0.6620690      0.0000000
  729      0.6620690      0.0000000
  730      0.6620690      0.0000000
  731      0.6620690      0.0000000
  732      0.6620690      0.0000000
  733      0.6620690      0.0000000
  734      0.6620690      0.0000000
  735      0.6620690      0.0000000
  736      0.6620690      0.0000000
  737      0.6620690      0.0000000
  738      0.6620690      0.0000000
  739      0.6620690      0.0000000
  740      0.6620690      0.0000000
  741      0.6620690      0.0000000
  742      0.6620690      0.0000000
  743      0.6620690      0.0000000
  744      0.6620690      0.0000000
  745      0.6620690      0.0000000
  746      0.6620690      0.0000000
  747      0.6620690      0.0000000
  748      0.6620690      0.0000000
  749      0.6620690      0.0000000
  750      0.6620690      0.0000000
  751      0.6896552      0.0000000
  752      0.6896552      0.0000000
  753      0.6896552      0.0000000
  754      0.6896552      0.0000000
  755      0.6896552      0.0000000
  756      0.6896552      0.0000000
  757      0.6896552      0.0000000
  758      0.6896552      0.0000000
  759      0.6896552      0.0000000
  760      0.6896552      0.0000000
  761      0.6896552      0.0000000
  762      0.6896552      0.0000000
  763      0.6896552      0.0000000
  764      0.6896552      0.0000000
  765      0.6896552      0.0000000
  766      0.6896552      0.0000000
  767      0.6896552      0.0000000
  768      0.6896552      0.0000000
  769      0.6896552      0.0000000
  770      0.6896552      0.0000000
  771      0.6896552      0.0000000
  772      0.6896552      0.0000000
  773      0.6896552      0.0000000
  774      0.6896552      0.0000000
  775      0.6896552      0.0000000
  776      0.6896552      0.0000000
  777      0.6896552      0.0000000
  778      0.6896552      0.0000000
  779      0.6896552      0.0000000
  780      0.6896552      0.0000000
  781      0.7172414      0.0000000
  782      0.7172414      0.0000000
  783      0.7172414      0.0000000
  784      0.7172414      0.0000000
  785      0.7172414      0.0000000
  786      0.7172414      0.0000000
  787      0.7172414      0.0000000
  788      0.7172414      0.0000000
  789      0.7172414      0.0000000
  790      0.7172414      0.0000000
  791      0.7172414      0.0000000
  792      0.7172414      0.0000000
  793      0.7172414      0.0000000
  794      0.7172414      0.0000000
  795      0.7172414      0.0000000
  796      0.7172414      0.0000000
  797      0.7172414      0.0000000
  798      0.7172414      0.0000000
  799      0.7172414      0.0000000
  800      0.7172414      0.0000000
  801      0.7172414      0.0000000
  802      0.7172414      0.0000000
  803      0.7172414      0.0000000
  804      0.7172414      0.0000000
  805      0.7172414      0.0000000
  806      0.7172414      0.0000000
  807      0.7172414      0.0000000
  808      0.7172414      0.0000000
  809      0.7172414      0.0000000
  810      0.7172414      0.0000000
  811      0.7448276      0.0000000
  812      0.7448276      0.0000000
  813      0.7448276      0.0000000
  814      0.7448276      0.0000000
  815      0.7448276      0.0000000
  816      0.7448276      0.0000000
  817      0.7448276      0.0000000
  818      0.7448276      0.0000000
  819      0.7448276      0.0000000
  820      0.7448276      0.0000000
  821      0.7448276      0.0000000
  822      0.7448276      0.0000000
  823      0.7448276      0.0000000
  824      0.7448276      0.0000000
  825      0.7448276      0.0000000
  826      0.7448276      0.0000000
  827      0.7448276      0.0000000
  828      0.7448276      0.0000000
  829      0.7448276      0.0000000
  830      0.7448276      0.0000000
  831      0.7448276      0.0000000
  832      0.7448276      0.0000000
  833      0.7448276      0.0000000
  834      0.7448276      0.0000000
  835      0.7448276      0.0000000
  836      0.7448276      0.0000000
  837      0.7448276      0.0000000
  838      0.7448276      0.0000000
  839      0.7448276      0.0000000
  840      0.7448276      0.0000000
  841      0.7724138      0.0000000
  842      0.7724138      0.0000000
  843      0.7724138      0.0000000
  844      0.7724138      0.0000000
  845      0.7724138      0.0000000
  846      0.7724138      0.0000000
  847      0.7724138      0.0000000
  848      0.7724138      0.0000000
  849      0.7724138      0.0000000
  850      0.7724138      0.0000000
  851      0.7724138      0.0000000
  852      0.7724138      0.0000000
  853      0.7724138      0.0000000
  854      0.7724138      0.0000000
  855      0.7724138      0.0000000
  856      0.7724138      0.0000000
  857      0.7724138      0.0000000
  858      0.7724138      0.0000000
  859      0.7724138      0.0000000
  860      0.7724138      0.0000000
  861      0.7724138      0.0000000
  862      0.7724138      0.0000000
  863      0.7724138      0.0000000
  864      0.7724138      0.0000000
  865      0.7724138      0.0000000
  866      0.7724138      0.0000000
  867      0.7724138      0.0000000
  868      0.7724138      0.0000000
  869      0.7724138      0.0000000
  870      0.7724138      0.0000000
  871      0.8000000      0.0000000
  872      0.8000000      0.0000000
  873      0.8000000      0.0000000
  874      0.8000000      0.0000000
  875      0.8000000      0.0000000
  876      0.8000000      0.0000000
  877      0.8000000      0.0000000
  878      0.8000000      0.0000000
  879      0.8000000      0.0000000
  880      0.8000000      0.0000000
  881      0.8000000      0.0000000
  882      0.8000000      0.0000000
  883      0.8000000      0.0000000
  884      0.8000000      0.0000000
  885      0.8000000      0.0000000
  886      0.8000000      0.0000000
  887      0.8000000      0.0000000
  888      0.8000000      0.0000000
  889      0.8000000      0.0000000
  890      0.8000000      0.0000000
  891      0.8000000      0.0000000
  892      0.8000000      0.0000000
  893      0.8000000      0.0000000
  894      0.8000000      0.0000000
  895      0.8000000      0.0000000
  896      0.8000000      0.0000000
  897      0.8000000      0.0000000
  898      0.8000000      0.0000000
  899      0.8000000      0.0000000
  900      0.8000000      0.0000000
