1.000E-01 1.000E+00 0.400E+00 5.200E+04 1.000E+00 1.000E-06 1.000E-02 1728
    1       0.0000000000000000       0.0000000000000000
    2       0.0219298228621483       0.0000000000000000
    3       0.0438596457242966       0.0000000000000000
    4       0.0657894611358643       0.0000000000000000
    5       0.0877192914485931       0.0000000000000000
    6       0.1096491143107414       0.0000000000000000
    7       0.1315789222717285       0.0000000000000000
    8       0.1535087525844574       0.0000000000000000
    9       0.1754385828971863       0.0000000000000000
   10       0.1973683983087540       0.0000000000000000
   11       0.2192982286214828       0.0000000000000000
   12       0.2412280440330505       0.0000000000000000
   13       0.2631578445434570       0.0000000000000000
   14       0.2850877046585083       0.0000000000000000
   15       0.3070175051689148       0.0000000000000000
   16       0.3289473354816437       0.0000000000000000
   17       0.3508771657943726       0.0000000000000000
   18       0.3728069663047791       0.0000000000000000
   19       0.3947367966175079       0.0000000000000000
   20       0.4166666269302368       0.0000000000000000
   21       0.4385964572429657       0.0000000000000000
   22       0.4605262875556946       0.0000000000000000
   23       0.4824560880661011       0.0000000000000000
   24       0.5043858885765076       0.0000000000000000
   25       0.5263156890869141       0.0000000000000000
   26       0.5482455492019653       0.0000000000000000
   27       0.5701754093170166       0.0000000000000000
   28       0.5921052098274231       0.0000000000000000
   29       0.6140350103378296       0.0000000000000000
   30       0.6359648704528809       0.0000000000000000
   31       0.6578946709632874       0.0000000000000000
   32       0.6798244714736938       0.0000000000000000
   33       0.7017543315887451      -0.0222222000000000
   33       0.7017543315887451      -0.0444444455206394
   33       0.7017543315887451      -0.0666666682809591
   33       0.7017543315887451      -0.0888888910412788
   33       0.7017543315887451       0.0000000000000000
   34       0.7236841320991516      -0.0222222000000000
   34       0.7236841320991516      -0.0444444455206394
   34       0.7236841320991516      -0.0666666682809591
   34       0.7236841320991516      -0.0888888910412788
   34       0.7236841320991516       0.0000000000000000
   35       0.7456139326095581      -0.0222222000000000
   35       0.7456139326095581      -0.0444444455206394
   35       0.7456139326095581      -0.0666666682809591
   35       0.7456139326095581      -0.0888888910412788
   35       0.7456139326095581       0.0000000000000000
   36       0.7675437927246094      -0.0222222000000000
   36       0.7675437927246094      -0.0444444455206394
   36       0.7675437927246094      -0.0666666682809591
   36       0.7675437927246094      -0.0888888910412788
   36       0.7675437927246094       0.0000000000000000
   37       0.7894735932350159      -0.0222222000000000
   37       0.7894735932350159      -0.0444444455206394
   37       0.7894735932350159      -0.0666666682809591
   37       0.7894735932350159      -0.0888888910412788
   37       0.7894735932350159       0.0000000000000000
   38       0.8114033937454224      -0.0222222000000000
   38       0.8114033937454224      -0.0444444455206394
   38       0.8114033937454224      -0.0666666682809591
   38       0.8114033937454224      -0.0888888910412788
   38       0.8114033937454224       0.0000000000000000
   39       0.8333332538604736      -0.0222222000000000
   39       0.8333332538604736      -0.0444444455206394
   39       0.8333332538604736      -0.0666666682809591
   39       0.8333332538604736      -0.0888888910412788
   39       0.8333332538604736       0.0000000000000000
   40       0.8552631139755249      -0.0222222000000000
   40       0.8552631139755249      -0.0444444455206394
   40       0.8552631139755249      -0.0666666682809591
   40       0.8552631139755249      -0.0888888910412788
   40       0.8552631139755249       0.0000000000000000
   41       0.8771929144859314      -0.0222222000000000
   41       0.8771929144859314      -0.0444444455206394
   41       0.8771929144859314      -0.0666666682809591
   41       0.8771929144859314      -0.0888888910412788
   41       0.8771929144859314       0.0000000000000000
   42       0.8991227149963379      -0.0222222000000000
   42       0.8991227149963379      -0.0444444455206394
   42       0.8991227149963379      -0.0666666682809591
   42       0.8991227149963379      -0.0888888910412788
   42       0.8991227149963379       0.0000000000000000
   43       0.9210525751113892      -0.0222222000000000
   43       0.9210525751113892      -0.0444444455206394
   43       0.9210525751113892      -0.0666666682809591
   43       0.9210525751113892      -0.0888888910412788
   43       0.9210525751113892       0.0000000000000000
   44       0.9429823756217957      -0.0222222000000000
   44       0.9429823756217957      -0.0444444455206394
   44       0.9429823756217957      -0.0666666682809591
   44       0.9429823756217957      -0.0888888910412788
   44       0.9429823756217957       0.0000000000000000
   45       0.9649121761322021      -0.0222222000000000
   45       0.9649121761322021      -0.0444444455206394
   45       0.9649121761322021      -0.0666666682809591
   45       0.9649121761322021      -0.0888888910412788
   45       0.9649121761322021       0.0000000000000000
   46       0.9868419766426086      -0.0222222000000000
   46       0.9868419766426086      -0.0444444455206394
   46       0.9868419766426086      -0.0666666682809591
   46       0.9868419766426086      -0.0888888910412788
   46       0.9868419766426086       0.0000000000000000
   47       1.0087717771530151      -0.0222222000000000
   47       1.0087717771530151      -0.0444444455206394
   47       1.0087717771530151      -0.0666666682809591
   47       1.0087717771530151      -0.0888888910412788
   47       1.0087717771530151       0.0000000000000000
   48       1.0307016372680664      -0.0222222000000000
   48       1.0307016372680664      -0.0444444455206394
   48       1.0307016372680664      -0.0666666682809591
   48       1.0307016372680664      -0.0888888910412788
   48       1.0307016372680664       0.0000000000000000
   49       1.0526313781738281      -0.0222222000000000
   49       1.0526313781738281      -0.0444444455206394
   49       1.0526313781738281      -0.0666666682809591
   49       1.0526313781738281      -0.0888888910412788
   49       1.0526313781738281       0.0000000000000000
   50       1.0745613574981689      -0.0222222000000000
   50       1.0745613574981689      -0.0444444455206394
   50       1.0745613574981689      -0.0666666682809591
   50       1.0745613574981689      -0.0888888910412788
   50       1.0745613574981689       0.0000000000000000
   51       1.0964910984039307      -0.0222222000000000
   51       1.0964910984039307      -0.0444444455206394
   51       1.0964910984039307      -0.0666666682809591
   51       1.0964910984039307      -0.0888888910412788
   51       1.0964910984039307       0.0000000000000000
   52       1.1184209585189819      -0.0222222000000000
   52       1.1184209585189819      -0.0444444455206394
   52       1.1184209585189819      -0.0666666682809591
   52       1.1184209585189819      -0.0888888910412788
   52       1.1184209585189819       0.0000000000000000
   53       1.1403508186340332      -0.0222222000000000
   53       1.1403508186340332      -0.0444444455206394
   53       1.1403508186340332      -0.0666666682809591
   53       1.1403508186340332      -0.0888888910412788
   53       1.1403508186340332       0.0000000000000000
   54       1.1622805595397949      -0.0222222000000000
   54       1.1622805595397949      -0.0444444455206394
   54       1.1622805595397949      -0.0666666682809591
   54       1.1622805595397949      -0.0888888910412788
   54       1.1622805595397949       0.0000000000000000
   55       1.1842104196548462      -0.0222222000000000
   55       1.1842104196548462      -0.0444444455206394
   55       1.1842104196548462      -0.0666666682809591
   55       1.1842104196548462      -0.0888888910412788
   55       1.1842104196548462       0.0000000000000000
   56       1.2061402797698975      -0.0222222000000000
   56       1.2061402797698975      -0.0444444455206394
   56       1.2061402797698975      -0.0666666682809591
   56       1.2061402797698975      -0.0888888910412788
   56       1.2061402797698975       0.0000000000000000
   57       1.2280700206756592      -0.0222222000000000
   57       1.2280700206756592      -0.0444444455206394
   57       1.2280700206756592      -0.0666666682809591
   57       1.2280700206756592      -0.0888888910412788
   57       1.2280700206756592       0.0000000000000000
   58       1.2499998807907104      -0.0222222000000000
   58       1.2499998807907104      -0.0444444455206394
   58       1.2499998807907104      -0.0666666682809591
   58       1.2499998807907104      -0.0888888910412788
   58       1.2499998807907104       0.0000000000000000
   59       0.0000000000000000       0.0222222227603197
   60       0.0219298228621483       0.0222222227603197
   61       0.0438596457242966       0.0222222227603197
   62       0.0657894611358643       0.0222222227603197
   63       0.0877192914485931       0.0222222227603197
   64       0.1096491143107414       0.0222222227603197
   65       0.1315789222717285       0.0222222227603197
   66       0.1535087525844574       0.0222222227603197
   67       0.1754385828971863       0.0222222227603197
   68       0.1973683983087540       0.0222222227603197
   69       0.2192982286214828       0.0222222227603197
   70       0.2412280440330505       0.0222222227603197
   71       0.2631578445434570       0.0222222227603197
   72       0.2850877046585083       0.0222222227603197
   73       0.3070175051689148       0.0222222227603197
   74       0.3289473354816437       0.0222222227603197
   75       0.3508771657943726       0.0222222227603197
   76       0.3728069663047791       0.0222222227603197
   77       0.3947367966175079       0.0222222227603197
   78       0.4166666269302368       0.0222222227603197
   79       0.4385964572429657       0.0222222227603197
   80       0.4605262875556946       0.0222222227603197
   81       0.4824560880661011       0.0222222227603197
   82       0.5043858885765076       0.0222222227603197
   83       0.5263156890869141       0.0222222227603197
   84       0.5482455492019653       0.0222222227603197
   85       0.5701754093170166       0.0222222227603197
   86       0.5921052098274231       0.0222222227603197
   87       0.6140350103378296       0.0222222227603197
   88       0.6359648704528809       0.0222222227603197
   89       0.6578946709632874       0.0222222227603197
   90       0.6798244714736938       0.0222222227603197
   91       0.7017543315887451       0.0222222227603197
   92       0.7236841320991516       0.0222222227603197
   93       0.7456139326095581       0.0222222227603197
   94       0.7675437927246094       0.0222222227603197
   95       0.7894735932350159       0.0222222227603197
   96       0.8114033937454224       0.0222222227603197
   97       0.8333332538604736       0.0222222227603197
   98       0.8552631139755249       0.0222222227603197
   99       0.8771929144859314       0.0222222227603197
  100       0.8991227149963379       0.0222222227603197
  101       0.9210525751113892       0.0222222227603197
  102       0.9429823756217957       0.0222222227603197
  103       0.9649121761322021       0.0222222227603197
  104       0.9868419766426086       0.0222222227603197
  105       1.0087717771530151       0.0222222227603197
  106       1.0307016372680664       0.0222222227603197
  107       1.0526313781738281       0.0222222227603197
  108       1.0745613574981689       0.0222222227603197
  109       1.0964910984039307       0.0222222227603197
  110       1.1184209585189819       0.0222222227603197
  111       1.1403508186340332       0.0222222227603197
  112       1.1622805595397949       0.0222222227603197
  113       1.1842104196548462       0.0222222227603197
  114       1.2061402797698975       0.0222222227603197
  115       1.2280700206756592       0.0222222227603197
  116       1.2499998807907104       0.0222222227603197
  117       0.0000000000000000       0.0444444455206394
  118       0.0219298228621483       0.0444444455206394
  119       0.0438596457242966       0.0444444455206394
  120       0.0657894611358643       0.0444444455206394
  121       0.0877192914485931       0.0444444455206394
  122       0.1096491143107414       0.0444444455206394
  123       0.1315789222717285       0.0444444455206394
  124       0.1535087525844574       0.0444444455206394
  125       0.1754385828971863       0.0444444455206394
  126       0.1973683983087540       0.0444444455206394
  127       0.2192982286214828       0.0444444455206394
  128       0.2412280440330505       0.0444444455206394
  129       0.2631578445434570       0.0444444455206394
  130       0.2850877046585083       0.0444444455206394
  131       0.3070175051689148       0.0444444455206394
  132       0.3289473354816437       0.0444444455206394
  133       0.3508771657943726       0.0444444455206394
  134       0.3728069663047791       0.0444444455206394
  135       0.3947367966175079       0.0444444455206394
  136       0.4166666269302368       0.0444444455206394
  137       0.4385964572429657       0.0444444455206394
  138       0.4605262875556946       0.0444444455206394
  139       0.4824560880661011       0.0444444455206394
  140       0.5043858885765076       0.0444444455206394
  141       0.5263156890869141       0.0444444455206394
  142       0.5482455492019653       0.0444444455206394
  143       0.5701754093170166       0.0444444455206394
  144       0.5921052098274231       0.0444444455206394
  145       0.6140350103378296       0.0444444455206394
  146       0.6359648704528809       0.0444444455206394
  147       0.6578946709632874       0.0444444455206394
  148       0.6798244714736938       0.0444444455206394
  149       0.7017543315887451       0.0444444455206394
  150       0.7236841320991516       0.0444444455206394
  151       0.7456139326095581       0.0444444455206394
  152       0.7675437927246094       0.0444444455206394
  153       0.7894735932350159       0.0444444455206394
  154       0.8114033937454224       0.0444444455206394
  155       0.8333332538604736       0.0444444455206394
  156       0.8552631139755249       0.0444444455206394
  157       0.8771929144859314       0.0444444455206394
  158       0.8991227149963379       0.0444444455206394
  159       0.9210525751113892       0.0444444455206394
  160       0.9429823756217957       0.0444444455206394
  161       0.9649121761322021       0.0444444455206394
  162       0.9868419766426086       0.0444444455206394
  163       1.0087717771530151       0.0444444455206394
  164       1.0307016372680664       0.0444444455206394
  165       1.0526313781738281       0.0444444455206394
  166       1.0745613574981689       0.0444444455206394
  167       1.0964910984039307       0.0444444455206394
  168       1.1184209585189819       0.0444444455206394
  169       1.1403508186340332       0.0444444455206394
  170       1.1622805595397949       0.0444444455206394
  171       1.1842104196548462       0.0444444455206394
  172       1.2061402797698975       0.0444444455206394
  173       1.2280700206756592       0.0444444455206394
  174       1.2499998807907104       0.0444444455206394
  175       0.0000000000000000       0.0666666701436043
  176       0.0219298228621483       0.0666666701436043
  177       0.0438596457242966       0.0666666701436043
  178       0.0657894611358643       0.0666666701436043
  179       0.0877192914485931       0.0666666701436043
  180       0.1096491143107414       0.0666666701436043
  181       0.1315789222717285       0.0666666701436043
  182       0.1535087525844574       0.0666666701436043
  183       0.1754385828971863       0.0666666701436043
  184       0.1973683983087540       0.0666666701436043
  185       0.2192982286214828       0.0666666701436043
  186       0.2412280440330505       0.0666666701436043
  187       0.2631578445434570       0.0666666701436043
  188       0.2850877046585083       0.0666666701436043
  189       0.3070175051689148       0.0666666701436043
  190       0.3289473354816437       0.0666666701436043
  191       0.3508771657943726       0.0666666701436043
  192       0.3728069663047791       0.0666666701436043
  193       0.3947367966175079       0.0666666701436043
  194       0.4166666269302368       0.0666666701436043
  195       0.4385964572429657       0.0666666701436043
  196       0.4605262875556946       0.0666666701436043
  197       0.4824560880661011       0.0666666701436043
  198       0.5043858885765076       0.0666666701436043
  199       0.5263156890869141       0.0666666701436043
  200       0.5482455492019653       0.0666666701436043
  201       0.5701754093170166       0.0666666701436043
  202       0.5921052098274231       0.0666666701436043
  203       0.6140350103378296       0.0666666701436043
  204       0.6359648704528809       0.0666666701436043
  205       0.6578946709632874       0.0666666701436043
  206       0.6798244714736938       0.0666666701436043
  207       0.7017543315887451       0.0666666701436043
  208       0.7236841320991516       0.0666666701436043
  209       0.7456139326095581       0.0666666701436043
  210       0.7675437927246094       0.0666666701436043
  211       0.7894735932350159       0.0666666701436043
  212       0.8114033937454224       0.0666666701436043
  213       0.8333332538604736       0.0666666701436043
  214       0.8552631139755249       0.0666666701436043
  215       0.8771929144859314       0.0666666701436043
  216       0.8991227149963379       0.0666666701436043
  217       0.9210525751113892       0.0666666701436043
  218       0.9429823756217957       0.0666666701436043
  219       0.9649121761322021       0.0666666701436043
  220       0.9868419766426086       0.0666666701436043
  221       1.0087717771530151       0.0666666701436043
  222       1.0307016372680664       0.0666666701436043
  223       1.0526313781738281       0.0666666701436043
  224       1.0745613574981689       0.0666666701436043
  225       1.0964910984039307       0.0666666701436043
  226       1.1184209585189819       0.0666666701436043
  227       1.1403508186340332       0.0666666701436043
  228       1.1622805595397949       0.0666666701436043
  229       1.1842104196548462       0.0666666701436043
  230       1.2061402797698975       0.0666666701436043
  231       1.2280700206756592       0.0666666701436043
  232       1.2499998807907104       0.0666666701436043
  233       0.0000000000000000       0.0888888910412788
  234       0.0219298228621483       0.0888888910412788
  235       0.0438596457242966       0.0888888910412788
  236       0.0657894611358643       0.0888888910412788
  237       0.0877192914485931       0.0888888910412788
  238       0.1096491143107414       0.0888888910412788
  239       0.1315789222717285       0.0888888910412788
  240       0.1535087525844574       0.0888888910412788
  241       0.1754385828971863       0.0888888910412788
  242       0.1973683983087540       0.0888888910412788
  243       0.2192982286214828       0.0888888910412788
  244       0.2412280440330505       0.0888888910412788
  245       0.2631578445434570       0.0888888910412788
  246       0.2850877046585083       0.0888888910412788
  247       0.3070175051689148       0.0888888910412788
  248       0.3289473354816437       0.0888888910412788
  249       0.3508771657943726       0.0888888910412788
  250       0.3728069663047791       0.0888888910412788
  251       0.3947367966175079       0.0888888910412788
  252       0.4166666269302368       0.0888888910412788
  253       0.4385964572429657       0.0888888910412788
  254       0.4605262875556946       0.0888888910412788
  255       0.4824560880661011       0.0888888910412788
  256       0.5043858885765076       0.0888888910412788
  257       0.5263156890869141       0.0888888910412788
  258       0.5482455492019653       0.0888888910412788
  259       0.5701754093170166       0.0888888910412788
  260       0.5921052098274231       0.0888888910412788
  261       0.6140350103378296       0.0888888910412788
  262       0.6359648704528809       0.0888888910412788
  263       0.6578946709632874       0.0888888910412788
  264       0.6798244714736938       0.0888888910412788
  265       0.7017543315887451       0.0888888910412788
  266       0.7236841320991516       0.0888888910412788
  267       0.7456139326095581       0.0888888910412788
  268       0.7675437927246094       0.0888888910412788
  269       0.7894735932350159       0.0888888910412788
  270       0.8114033937454224       0.0888888910412788
  271       0.8333332538604736       0.0888888910412788
  272       0.8552631139755249       0.0888888910412788
  273       0.8771929144859314       0.0888888910412788
  274       0.8991227149963379       0.0888888910412788
  275       0.9210525751113892       0.0888888910412788
  276       0.9429823756217957       0.0888888910412788
  277       0.9649121761322021       0.0888888910412788
  278       0.9868419766426086       0.0888888910412788
  279       1.0087717771530151       0.0888888910412788
  280       1.0307016372680664       0.0888888910412788
  281       1.0526313781738281       0.0888888910412788
  282       1.0745613574981689       0.0888888910412788
  283       1.0964910984039307       0.0888888910412788
  284       1.1184209585189819       0.0888888910412788
  285       1.1403508186340332       0.0888888910412788
  286       1.1622805595397949       0.0888888910412788
  287       1.1842104196548462       0.0888888910412788
  288       1.2061402797698975       0.0888888910412788
  289       1.2280700206756592       0.0888888910412788
  290       1.2499998807907104       0.0888888910412788
  291       0.0000000000000000       0.1111111119389534
  292       0.0219298228621483       0.1111111119389534
  293       0.0438596457242966       0.1111111119389534
  294       0.0657894611358643       0.1111111119389534
  295       0.0877192914485931       0.1111111119389534
  296       0.1096491143107414       0.1111111119389534
  297       0.1315789222717285       0.1111111119389534
  298       0.1535087525844574       0.1111111119389534
  299       0.1754385828971863       0.1111111119389534
  300       0.1973683983087540       0.1111111119389534
  301       0.2192982286214828       0.1111111119389534
  302       0.2412280440330505       0.1111111119389534
  303       0.2631578445434570       0.1111111119389534
  304       0.2850877046585083       0.1111111119389534
  305       0.3070175051689148       0.1111111119389534
  306       0.3289473354816437       0.1111111119389534
  307       0.3508771657943726       0.1111111119389534
  308       0.3728069663047791       0.1111111119389534
  309       0.3947367966175079       0.1111111119389534
  310       0.4166666269302368       0.1111111119389534
  311       0.4385964572429657       0.1111111119389534
  312       0.4605262875556946       0.1111111119389534
  313       0.4824560880661011       0.1111111119389534
  314       0.5043858885765076       0.1111111119389534
  315       0.5263156890869141       0.1111111119389534
  316       0.5482455492019653       0.1111111119389534
  317       0.5701754093170166       0.1111111119389534
  318       0.5921052098274231       0.1111111119389534
  319       0.6140350103378296       0.1111111119389534
  320       0.6359648704528809       0.1111111119389534
  321       0.6578946709632874       0.1111111119389534
  322       0.6798244714736938       0.1111111119389534
  323       0.7017543315887451       0.1111111119389534
  324       0.7236841320991516       0.1111111119389534
  325       0.7456139326095581       0.1111111119389534
  326       0.7675437927246094       0.1111111119389534
  327       0.7894735932350159       0.1111111119389534
  328       0.8114033937454224       0.1111111119389534
  329       0.8333332538604736       0.1111111119389534
  330       0.8552631139755249       0.1111111119389534
  331       0.8771929144859314       0.1111111119389534
  332       0.8991227149963379       0.1111111119389534
  333       0.9210525751113892       0.1111111119389534
  334       0.9429823756217957       0.1111111119389534
  335       0.9649121761322021       0.1111111119389534
  336       0.9868419766426086       0.1111111119389534
  337       1.0087717771530151       0.1111111119389534
  338       1.0307016372680664       0.1111111119389534
  339       1.0526313781738281       0.1111111119389534
  340       1.0745613574981689       0.1111111119389534
  341       1.0964910984039307       0.1111111119389534
  342       1.1184209585189819       0.1111111119389534
  343       1.1403508186340332       0.1111111119389534
  344       1.1622805595397949       0.1111111119389534
  345       1.1842104196548462       0.1111111119389534
  346       1.2061402797698975       0.1111111119389534
  347       1.2280700206756592       0.1111111119389534
  348       1.2499998807907104       0.1111111119389534
  349       0.0000000000000000       0.1333333402872086
  350       0.0219298228621483       0.1333333402872086
  351       0.0438596457242966       0.1333333402872086
  352       0.0657894611358643       0.1333333402872086
  353       0.0877192914485931       0.1333333402872086
  354       0.1096491143107414       0.1333333402872086
  355       0.1315789222717285       0.1333333402872086
  356       0.1535087525844574       0.1333333402872086
  357       0.1754385828971863       0.1333333402872086
  358       0.1973683983087540       0.1333333402872086
  359       0.2192982286214828       0.1333333402872086
  360       0.2412280440330505       0.1333333402872086
  361       0.2631578445434570       0.1333333402872086
  362       0.2850877046585083       0.1333333402872086
  363       0.3070175051689148       0.1333333402872086
  364       0.3289473354816437       0.1333333402872086
  365       0.3508771657943726       0.1333333402872086
  366       0.3728069663047791       0.1333333402872086
  367       0.3947367966175079       0.1333333402872086
  368       0.4166666269302368       0.1333333402872086
  369       0.4385964572429657       0.1333333402872086
  370       0.4605262875556946       0.1333333402872086
  371       0.4824560880661011       0.1333333402872086
  372       0.5043858885765076       0.1333333402872086
  373       0.5263156890869141       0.1333333402872086
  374       0.5482455492019653       0.1333333402872086
  375       0.5701754093170166       0.1333333402872086
  376       0.5921052098274231       0.1333333402872086
  377       0.6140350103378296       0.1333333402872086
  378       0.6359648704528809       0.1333333402872086
  379       0.6578946709632874       0.1333333402872086
  380       0.6798244714736938       0.1333333402872086
  381       0.7017543315887451       0.1333333402872086
  382       0.7236841320991516       0.1333333402872086
  383       0.7456139326095581       0.1333333402872086
  384       0.7675437927246094       0.1333333402872086
  385       0.7894735932350159       0.1333333402872086
  386       0.8114033937454224       0.1333333402872086
  387       0.8333332538604736       0.1333333402872086
  388       0.8552631139755249       0.1333333402872086
  389       0.8771929144859314       0.1333333402872086
  390       0.8991227149963379       0.1333333402872086
  391       0.9210525751113892       0.1333333402872086
  392       0.9429823756217957       0.1333333402872086
  393       0.9649121761322021       0.1333333402872086
  394       0.9868419766426086       0.1333333402872086
  395       1.0087717771530151       0.1333333402872086
  396       1.0307016372680664       0.1333333402872086
  397       1.0526313781738281       0.1333333402872086
  398       1.0745613574981689       0.1333333402872086
  399       1.0964910984039307       0.1333333402872086
  400       1.1184209585189819       0.1333333402872086
  401       1.1403508186340332       0.1333333402872086
  402       1.1622805595397949       0.1333333402872086
  403       1.1842104196548462       0.1333333402872086
  404       1.2061402797698975       0.1333333402872086
  405       1.2280700206756592       0.1333333402872086
  406       1.2499998807907104       0.1333333402872086
  407       0.0000000000000000       0.1555555611848831
  408       0.0219298228621483       0.1555555611848831
  409       0.0438596457242966       0.1555555611848831
  410       0.0657894611358643       0.1555555611848831
  411       0.0877192914485931       0.1555555611848831
  412       0.1096491143107414       0.1555555611848831
  413       0.1315789222717285       0.1555555611848831
  414       0.1535087525844574       0.1555555611848831
  415       0.1754385828971863       0.1555555611848831
  416       0.1973683983087540       0.1555555611848831
  417       0.2192982286214828       0.1555555611848831
  418       0.2412280440330505       0.1555555611848831
  419       0.2631578445434570       0.1555555611848831
  420       0.2850877046585083       0.1555555611848831
  421       0.3070175051689148       0.1555555611848831
  422       0.3289473354816437       0.1555555611848831
  423       0.3508771657943726       0.1555555611848831
  424       0.3728069663047791       0.1555555611848831
  425       0.3947367966175079       0.1555555611848831
  426       0.4166666269302368       0.1555555611848831
  427       0.4385964572429657       0.1555555611848831
  428       0.4605262875556946       0.1555555611848831
  429       0.4824560880661011       0.1555555611848831
  430       0.5043858885765076       0.1555555611848831
  431       0.5263156890869141       0.1555555611848831
  432       0.5482455492019653       0.1555555611848831
  433       0.5701754093170166       0.1555555611848831
  434       0.5921052098274231       0.1555555611848831
  435       0.6140350103378296       0.1555555611848831
  436       0.6359648704528809       0.1555555611848831
  437       0.6578946709632874       0.1555555611848831
  438       0.6798244714736938       0.1555555611848831
  439       0.7017543315887451       0.1555555611848831
  440       0.7236841320991516       0.1555555611848831
  441       0.7456139326095581       0.1555555611848831
  442       0.7675437927246094       0.1555555611848831
  443       0.7894735932350159       0.1555555611848831
  444       0.8114033937454224       0.1555555611848831
  445       0.8333332538604736       0.1555555611848831
  446       0.8552631139755249       0.1555555611848831
  447       0.8771929144859314       0.1555555611848831
  448       0.8991227149963379       0.1555555611848831
  449       0.9210525751113892       0.1555555611848831
  450       0.9429823756217957       0.1555555611848831
  451       0.9649121761322021       0.1555555611848831
  452       0.9868419766426086       0.1555555611848831
  453       1.0087717771530151       0.1555555611848831
  454       1.0307016372680664       0.1555555611848831
  455       1.0526313781738281       0.1555555611848831
  456       1.0745613574981689       0.1555555611848831
  457       1.0964910984039307       0.1555555611848831
  458       1.1184209585189819       0.1555555611848831
  459       1.1403508186340332       0.1555555611848831
  460       1.1622805595397949       0.1555555611848831
  461       1.1842104196548462       0.1555555611848831
  462       1.2061402797698975       0.1555555611848831
  463       1.2280700206756592       0.1555555611848831
  464       1.2499998807907104       0.1555555611848831
  465       0.0000000000000000       0.1777777820825577
  466       0.0219298228621483       0.1777777820825577
  467       0.0438596457242966       0.1777777820825577
  468       0.0657894611358643       0.1777777820825577
  469       0.0877192914485931       0.1777777820825577
  470       0.1096491143107414       0.1777777820825577
  471       0.1315789222717285       0.1777777820825577
  472       0.1535087525844574       0.1777777820825577
  473       0.1754385828971863       0.1777777820825577
  474       0.1973683983087540       0.1777777820825577
  475       0.2192982286214828       0.1777777820825577
  476       0.2412280440330505       0.1777777820825577
  477       0.2631578445434570       0.1777777820825577
  478       0.2850877046585083       0.1777777820825577
  479       0.3070175051689148       0.1777777820825577
  480       0.3289473354816437       0.1777777820825577
  481       0.3508771657943726       0.1777777820825577
  482       0.3728069663047791       0.1777777820825577
  483       0.3947367966175079       0.1777777820825577
  484       0.4166666269302368       0.1777777820825577
  485       0.4385964572429657       0.1777777820825577
  486       0.4605262875556946       0.1777777820825577
  487       0.4824560880661011       0.1777777820825577
  488       0.5043858885765076       0.1777777820825577
  489       0.5263156890869141       0.1777777820825577
  490       0.5482455492019653       0.1777777820825577
  491       0.5701754093170166       0.1777777820825577
  492       0.5921052098274231       0.1777777820825577
  493       0.6140350103378296       0.1777777820825577
  494       0.6359648704528809       0.1777777820825577
  495       0.6578946709632874       0.1777777820825577
  496       0.6798244714736938       0.1777777820825577
  497       0.7017543315887451       0.1777777820825577
  498       0.7236841320991516       0.1777777820825577
  499       0.7456139326095581       0.1777777820825577
  500       0.7675437927246094       0.1777777820825577
  501       0.7894735932350159       0.1777777820825577
  502       0.8114033937454224       0.1777777820825577
  503       0.8333332538604736       0.1777777820825577
  504       0.8552631139755249       0.1777777820825577
  505       0.8771929144859314       0.1777777820825577
  506       0.8991227149963379       0.1777777820825577
  507       0.9210525751113892       0.1777777820825577
  508       0.9429823756217957       0.1777777820825577
  509       0.9649121761322021       0.1777777820825577
  510       0.9868419766426086       0.1777777820825577
  511       1.0087717771530151       0.1777777820825577
  512       1.0307016372680664       0.1777777820825577
  513       1.0526313781738281       0.1777777820825577
  514       1.0745613574981689       0.1777777820825577
  515       1.0964910984039307       0.1777777820825577
  516       1.1184209585189819       0.1777777820825577
  517       1.1403508186340332       0.1777777820825577
  518       1.1622805595397949       0.1777777820825577
  519       1.1842104196548462       0.1777777820825577
  520       1.2061402797698975       0.1777777820825577
  521       1.2280700206756592       0.1777777820825577
  522       1.2499998807907104       0.1777777820825577
  523       0.0000000000000000       0.2000000178813934
  524       0.0219298228621483       0.2000000178813934
  525       0.0438596457242966       0.2000000178813934
  526       0.0657894611358643       0.2000000178813934
  527       0.0877192914485931       0.2000000178813934
  528       0.1096491143107414       0.2000000178813934
  529       0.1315789222717285       0.2000000178813934
  530       0.1535087525844574       0.2000000178813934
  531       0.1754385828971863       0.2000000178813934
  532       0.1973683983087540       0.2000000178813934
  533       0.2192982286214828       0.2000000178813934
  534       0.2412280440330505       0.2000000178813934
  535       0.2631578445434570       0.2000000178813934
  536       0.2850877046585083       0.2000000178813934
  537       0.3070175051689148       0.2000000178813934
  538       0.3289473354816437       0.2000000178813934
  539       0.3508771657943726       0.2000000178813934
  540       0.3728069663047791       0.2000000178813934
  541       0.3947367966175079       0.2000000178813934
  542       0.4166666269302368       0.2000000178813934
  543       0.4385964572429657       0.2000000178813934
  544       0.4605262875556946       0.2000000178813934
  545       0.4824560880661011       0.2000000178813934
  546       0.5043858885765076       0.2000000178813934
  547       0.5263156890869141       0.2000000178813934
  548       0.5482455492019653       0.2000000178813934
  549       0.5701754093170166       0.2000000178813934
  550       0.5921052098274231       0.2000000178813934
  551       0.6140350103378296       0.2000000178813934
  552       0.6359648704528809       0.2000000178813934
  553       0.6578946709632874       0.2000000178813934
  554       0.6798244714736938       0.2000000178813934
  555       0.7017543315887451       0.2000000178813934
  556       0.7236841320991516       0.2000000178813934
  557       0.7456139326095581       0.2000000178813934
  558       0.7675437927246094       0.2000000178813934
  559       0.7894735932350159       0.2000000178813934
  560       0.8114033937454224       0.2000000178813934
  561       0.8333332538604736       0.2000000178813934
  562       0.8552631139755249       0.2000000178813934
  563       0.8771929144859314       0.2000000178813934
  564       0.8991227149963379       0.2000000178813934
  565       0.9210525751113892       0.2000000178813934
  566       0.9429823756217957       0.2000000178813934
  567       0.9649121761322021       0.2000000178813934
  568       0.9868419766426086       0.2000000178813934
  569       1.0087717771530151       0.2000000178813934
  570       1.0307016372680664       0.2000000178813934
  571       1.0526313781738281       0.2000000178813934
  572       1.0745613574981689       0.2000000178813934
  573       1.0964910984039307       0.2000000178813934
  574       1.1184209585189819       0.2000000178813934
  575       1.1403508186340332       0.2000000178813934
  576       1.1622805595397949       0.2000000178813934
  577       1.1842104196548462       0.2000000178813934
  578       1.2061402797698975       0.2000000178813934
  579       1.2280700206756592       0.2000000178813934
  580       1.2499998807907104       0.2000000178813934
  581       0.0000000000000000       0.2222222238779068
  582       0.0219298228621483       0.2222222238779068
  583       0.0438596457242966       0.2222222238779068
  584       0.0657894611358643       0.2222222238779068
  585       0.0877192914485931       0.2222222238779068
  586       0.1096491143107414       0.2222222238779068
  587       0.1315789222717285       0.2222222238779068
  588       0.1535087525844574       0.2222222238779068
  589       0.1754385828971863       0.2222222238779068
  590       0.1973683983087540       0.2222222238779068
  591       0.2192982286214828       0.2222222238779068
  592       0.2412280440330505       0.2222222238779068
  593       0.2631578445434570       0.2222222238779068
  594       0.2850877046585083       0.2222222238779068
  595       0.3070175051689148       0.2222222238779068
  596       0.3289473354816437       0.2222222238779068
  597       0.3508771657943726       0.2222222238779068
  598       0.3728069663047791       0.2222222238779068
  599       0.3947367966175079       0.2222222238779068
  600       0.4166666269302368       0.2222222238779068
  601       0.4385964572429657       0.2222222238779068
  602       0.4605262875556946       0.2222222238779068
  603       0.4824560880661011       0.2222222238779068
  604       0.5043858885765076       0.2222222238779068
  605       0.5263156890869141       0.2222222238779068
  606       0.5482455492019653       0.2222222238779068
  607       0.5701754093170166       0.2222222238779068
  608       0.5921052098274231       0.2222222238779068
  609       0.6140350103378296       0.2222222238779068
  610       0.6359648704528809       0.2222222238779068
  611       0.6578946709632874       0.2222222238779068
  612       0.6798244714736938       0.2222222238779068
  613       0.7017543315887451       0.2222222238779068
  614       0.7236841320991516       0.2222222238779068
  615       0.7456139326095581       0.2222222238779068
  616       0.7675437927246094       0.2222222238779068
  617       0.7894735932350159       0.2222222238779068
  618       0.8114033937454224       0.2222222238779068
  619       0.8333332538604736       0.2222222238779068
  620       0.8552631139755249       0.2222222238779068
  621       0.8771929144859314       0.2222222238779068
  622       0.8991227149963379       0.2222222238779068
  623       0.9210525751113892       0.2222222238779068
  624       0.9429823756217957       0.2222222238779068
  625       0.9649121761322021       0.2222222238779068
  626       0.9868419766426086       0.2222222238779068
  627       1.0087717771530151       0.2222222238779068
  628       1.0307016372680664       0.2222222238779068
  629       1.0526313781738281       0.2222222238779068
  630       1.0745613574981689       0.2222222238779068
  631       1.0964910984039307       0.2222222238779068
  632       1.1184209585189819       0.2222222238779068
  633       1.1403508186340332       0.2222222238779068
  634       1.1622805595397949       0.2222222238779068
  635       1.1842104196548462       0.2222222238779068
  636       1.2061402797698975       0.2222222238779068
  637       1.2280700206756592       0.2222222238779068
  638       1.2499998807907104       0.2222222238779068
  639       0.0000000000000000       0.2444444447755814
  640       0.0219298228621483       0.2444444447755814
  641       0.0438596457242966       0.2444444447755814
  642       0.0657894611358643       0.2444444447755814
  643       0.0877192914485931       0.2444444447755814
  644       0.1096491143107414       0.2444444447755814
  645       0.1315789222717285       0.2444444447755814
  646       0.1535087525844574       0.2444444447755814
  647       0.1754385828971863       0.2444444447755814
  648       0.1973683983087540       0.2444444447755814
  649       0.2192982286214828       0.2444444447755814
  650       0.2412280440330505       0.2444444447755814
  651       0.2631578445434570       0.2444444447755814
  652       0.2850877046585083       0.2444444447755814
  653       0.3070175051689148       0.2444444447755814
  654       0.3289473354816437       0.2444444447755814
  655       0.3508771657943726       0.2444444447755814
  656       0.3728069663047791       0.2444444447755814
  657       0.3947367966175079       0.2444444447755814
  658       0.4166666269302368       0.2444444447755814
  659       0.4385964572429657       0.2444444447755814
  660       0.4605262875556946       0.2444444447755814
  661       0.4824560880661011       0.2444444447755814
  662       0.5043858885765076       0.2444444447755814
  663       0.5263156890869141       0.2444444447755814
  664       0.5482455492019653       0.2444444447755814
  665       0.5701754093170166       0.2444444447755814
  666       0.5921052098274231       0.2444444447755814
  667       0.6140350103378296       0.2444444447755814
  668       0.6359648704528809       0.2444444447755814
  669       0.6578946709632874       0.2444444447755814
  670       0.6798244714736938       0.2444444447755814
  671       0.7017543315887451       0.2444444447755814
  672       0.7236841320991516       0.2444444447755814
  673       0.7456139326095581       0.2444444447755814
  674       0.7675437927246094       0.2444444447755814
  675       0.7894735932350159       0.2444444447755814
  676       0.8114033937454224       0.2444444447755814
  677       0.8333332538604736       0.2444444447755814
  678       0.8552631139755249       0.2444444447755814
  679       0.8771929144859314       0.2444444447755814
  680       0.8991227149963379       0.2444444447755814
  681       0.9210525751113892       0.2444444447755814
  682       0.9429823756217957       0.2444444447755814
  683       0.9649121761322021       0.2444444447755814
  684       0.9868419766426086       0.2444444447755814
  685       1.0087717771530151       0.2444444447755814
  686       1.0307016372680664       0.2444444447755814
  687       1.0526313781738281       0.2444444447755814
  688       1.0745613574981689       0.2444444447755814
  689       1.0964910984039307       0.2444444447755814
  690       1.1184209585189819       0.2444444447755814
  691       1.1403508186340332       0.2444444447755814
  692       1.1622805595397949       0.2444444447755814
  693       1.1842104196548462       0.2444444447755814
  694       1.2061402797698975       0.2444444447755814
  695       1.2280700206756592       0.2444444447755814
  696       1.2499998807907104       0.2444444447755814
  697       0.0000000000000000       0.2666666805744171
  698       0.0219298228621483       0.2666666805744171
  699       0.0438596457242966       0.2666666805744171
  700       0.0657894611358643       0.2666666805744171
  701       0.0877192914485931       0.2666666805744171
  702       0.1096491143107414       0.2666666805744171
  703       0.1315789222717285       0.2666666805744171
  704       0.1535087525844574       0.2666666805744171
  705       0.1754385828971863       0.2666666805744171
  706       0.1973683983087540       0.2666666805744171
  707       0.2192982286214828       0.2666666805744171
  708       0.2412280440330505       0.2666666805744171
  709       0.2631578445434570       0.2666666805744171
  710       0.2850877046585083       0.2666666805744171
  711       0.3070175051689148       0.2666666805744171
  712       0.3289473354816437       0.2666666805744171
  713       0.3508771657943726       0.2666666805744171
  714       0.3728069663047791       0.2666666805744171
  715       0.3947367966175079       0.2666666805744171
  716       0.4166666269302368       0.2666666805744171
  717       0.4385964572429657       0.2666666805744171
  718       0.4605262875556946       0.2666666805744171
  719       0.4824560880661011       0.2666666805744171
  720       0.5043858885765076       0.2666666805744171
  721       0.5263156890869141       0.2666666805744171
  722       0.5482455492019653       0.2666666805744171
  723       0.5701754093170166       0.2666666805744171
  724       0.5921052098274231       0.2666666805744171
  725       0.6140350103378296       0.2666666805744171
  726       0.6359648704528809       0.2666666805744171
  727       0.6578946709632874       0.2666666805744171
  728       0.6798244714736938       0.2666666805744171
  729       0.7017543315887451       0.2666666805744171
  730       0.7236841320991516       0.2666666805744171
  731       0.7456139326095581       0.2666666805744171
  732       0.7675437927246094       0.2666666805744171
  733       0.7894735932350159       0.2666666805744171
  734       0.8114033937454224       0.2666666805744171
  735       0.8333332538604736       0.2666666805744171
  736       0.8552631139755249       0.2666666805744171
  737       0.8771929144859314       0.2666666805744171
  738       0.8991227149963379       0.2666666805744171
  739       0.9210525751113892       0.2666666805744171
  740       0.9429823756217957       0.2666666805744171
  741       0.9649121761322021       0.2666666805744171
  742       0.9868419766426086       0.2666666805744171
  743       1.0087717771530151       0.2666666805744171
  744       1.0307016372680664       0.2666666805744171
  745       1.0526313781738281       0.2666666805744171
  746       1.0745613574981689       0.2666666805744171
  747       1.0964910984039307       0.2666666805744171
  748       1.1184209585189819       0.2666666805744171
  749       1.1403508186340332       0.2666666805744171
  750       1.1622805595397949       0.2666666805744171
  751       1.1842104196548462       0.2666666805744171
  752       1.2061402797698975       0.2666666805744171
  753       1.2280700206756592       0.2666666805744171
  754       1.2499998807907104       0.2666666805744171
  755       0.0000000000000000       0.2888889014720917
  756       0.0219298228621483       0.2888889014720917
  757       0.0438596457242966       0.2888889014720917
  758       0.0657894611358643       0.2888889014720917
  759       0.0877192914485931       0.2888889014720917
  760       0.1096491143107414       0.2888889014720917
  761       0.1315789222717285       0.2888889014720917
  762       0.1535087525844574       0.2888889014720917
  763       0.1754385828971863       0.2888889014720917
  764       0.1973683983087540       0.2888889014720917
  765       0.2192982286214828       0.2888889014720917
  766       0.2412280440330505       0.2888889014720917
  767       0.2631578445434570       0.2888889014720917
  768       0.2850877046585083       0.2888889014720917
  769       0.3070175051689148       0.2888889014720917
  770       0.3289473354816437       0.2888889014720917
  771       0.3508771657943726       0.2888889014720917
  772       0.3728069663047791       0.2888889014720917
  773       0.3947367966175079       0.2888889014720917
  774       0.4166666269302368       0.2888889014720917
  775       0.4385964572429657       0.2888889014720917
  776       0.4605262875556946       0.2888889014720917
  777       0.4824560880661011       0.2888889014720917
  778       0.5043858885765076       0.2888889014720917
  779       0.5263156890869141       0.2888889014720917
  780       0.5482455492019653       0.2888889014720917
  781       0.5701754093170166       0.2888889014720917
  782       0.5921052098274231       0.2888889014720917
  783       0.6140350103378296       0.2888889014720917
  784       0.6359648704528809       0.2888889014720917
  785       0.6578946709632874       0.2888889014720917
  786       0.6798244714736938       0.2888889014720917
  787       0.7017543315887451       0.2888889014720917
  788       0.7236841320991516       0.2888889014720917
  789       0.7456139326095581       0.2888889014720917
  790       0.7675437927246094       0.2888889014720917
  791       0.7894735932350159       0.2888889014720917
  792       0.8114033937454224       0.2888889014720917
  793       0.8333332538604736       0.2888889014720917
  794       0.8552631139755249       0.2888889014720917
  795       0.8771929144859314       0.2888889014720917
  796       0.8991227149963379       0.2888889014720917
  797       0.9210525751113892       0.2888889014720917
  798       0.9429823756217957       0.2888889014720917
  799       0.9649121761322021       0.2888889014720917
  800       0.9868419766426086       0.2888889014720917
  801       1.0087717771530151       0.2888889014720917
  802       1.0307016372680664       0.2888889014720917
  803       1.0526313781738281       0.2888889014720917
  804       1.0745613574981689       0.2888889014720917
  805       1.0964910984039307       0.2888889014720917
  806       1.1184209585189819       0.2888889014720917
  807       1.1403508186340332       0.2888889014720917
  808       1.1622805595397949       0.2888889014720917
  809       1.1842104196548462       0.2888889014720917
  810       1.2061402797698975       0.2888889014720917
  811       1.2280700206756592       0.2888889014720917
  812       1.2499998807907104       0.2888889014720917
  813       0.0000000000000000       0.3111111223697662
  814       0.0219298228621483       0.3111111223697662
  815       0.0438596457242966       0.3111111223697662
  816       0.0657894611358643       0.3111111223697662
  817       0.0877192914485931       0.3111111223697662
  818       0.1096491143107414       0.3111111223697662
  819       0.1315789222717285       0.3111111223697662
  820       0.1535087525844574       0.3111111223697662
  821       0.1754385828971863       0.3111111223697662
  822       0.1973683983087540       0.3111111223697662
  823       0.2192982286214828       0.3111111223697662
  824       0.2412280440330505       0.3111111223697662
  825       0.2631578445434570       0.3111111223697662
  826       0.2850877046585083       0.3111111223697662
  827       0.3070175051689148       0.3111111223697662
  828       0.3289473354816437       0.3111111223697662
  829       0.3508771657943726       0.3111111223697662
  830       0.3728069663047791       0.3111111223697662
  831       0.3947367966175079       0.3111111223697662
  832       0.4166666269302368       0.3111111223697662
  833       0.4385964572429657       0.3111111223697662
  834       0.4605262875556946       0.3111111223697662
  835       0.4824560880661011       0.3111111223697662
  836       0.5043858885765076       0.3111111223697662
  837       0.5263156890869141       0.3111111223697662
  838       0.5482455492019653       0.3111111223697662
  839       0.5701754093170166       0.3111111223697662
  840       0.5921052098274231       0.3111111223697662
  841       0.6140350103378296       0.3111111223697662
  842       0.6359648704528809       0.3111111223697662
  843       0.6578946709632874       0.3111111223697662
  844       0.6798244714736938       0.3111111223697662
  845       0.7017543315887451       0.3111111223697662
  846       0.7236841320991516       0.3111111223697662
  847       0.7456139326095581       0.3111111223697662
  848       0.7675437927246094       0.3111111223697662
  849       0.7894735932350159       0.3111111223697662
  850       0.8114033937454224       0.3111111223697662
  851       0.8333332538604736       0.3111111223697662
  852       0.8552631139755249       0.3111111223697662
  853       0.8771929144859314       0.3111111223697662
  854       0.8991227149963379       0.3111111223697662
  855       0.9210525751113892       0.3111111223697662
  856       0.9429823756217957       0.3111111223697662
  857       0.9649121761322021       0.3111111223697662
  858       0.9868419766426086       0.3111111223697662
  859       1.0087717771530151       0.3111111223697662
  860       1.0307016372680664       0.3111111223697662
  861       1.0526313781738281       0.3111111223697662
  862       1.0745613574981689       0.3111111223697662
  863       1.0964910984039307       0.3111111223697662
  864       1.1184209585189819       0.3111111223697662
  865       1.1403508186340332       0.3111111223697662
  866       1.1622805595397949       0.3111111223697662
  867       1.1842104196548462       0.3111111223697662
  868       1.2061402797698975       0.3111111223697662
  869       1.2280700206756592       0.3111111223697662
  870       1.2499998807907104       0.3111111223697662
  871       0.0000000000000000       0.3333333730697632
  872       0.0219298228621483       0.3333333730697632
  873       0.0438596457242966       0.3333333730697632
  874       0.0657894611358643       0.3333333730697632
  875       0.0877192914485931       0.3333333730697632
  876       0.1096491143107414       0.3333333730697632
  877       0.1315789222717285       0.3333333730697632
  878       0.1535087525844574       0.3333333730697632
  879       0.1754385828971863       0.3333333730697632
  880       0.1973683983087540       0.3333333730697632
  881       0.2192982286214828       0.3333333730697632
  882       0.2412280440330505       0.3333333730697632
  883       0.2631578445434570       0.3333333730697632
  884       0.2850877046585083       0.3333333730697632
  885       0.3070175051689148       0.3333333730697632
  886       0.3289473354816437       0.3333333730697632
  887       0.3508771657943726       0.3333333730697632
  888       0.3728069663047791       0.3333333730697632
  889       0.3947367966175079       0.3333333730697632
  890       0.4166666269302368       0.3333333730697632
  891       0.4385964572429657       0.3333333730697632
  892       0.4605262875556946       0.3333333730697632
  893       0.4824560880661011       0.3333333730697632
  894       0.5043858885765076       0.3333333730697632
  895       0.5263156890869141       0.3333333730697632
  896       0.5482455492019653       0.3333333730697632
  897       0.5701754093170166       0.3333333730697632
  898       0.5921052098274231       0.3333333730697632
  899       0.6140350103378296       0.3333333730697632
  900       0.6359648704528809       0.3333333730697632
  901       0.6578946709632874       0.3333333730697632
  902       0.6798244714736938       0.3333333730697632
  903       0.7017543315887451       0.3333333730697632
  904       0.7236841320991516       0.3333333730697632
  905       0.7456139326095581       0.3333333730697632
  906       0.7675437927246094       0.3333333730697632
  907       0.7894735932350159       0.3333333730697632
  908       0.8114033937454224       0.3333333730697632
  909       0.8333332538604736       0.3333333730697632
  910       0.8552631139755249       0.3333333730697632
  911       0.8771929144859314       0.3333333730697632
  912       0.8991227149963379       0.3333333730697632
  913       0.9210525751113892       0.3333333730697632
  914       0.9429823756217957       0.3333333730697632
  915       0.9649121761322021       0.3333333730697632
  916       0.9868419766426086       0.3333333730697632
  917       1.0087717771530151       0.3333333730697632
  918       1.0307016372680664       0.3333333730697632
  919       1.0526313781738281       0.3333333730697632
  920       1.0745613574981689       0.3333333730697632
  921       1.0964910984039307       0.3333333730697632
  922       1.1184209585189819       0.3333333730697632
  923       1.1403508186340332       0.3333333730697632
  924       1.1622805595397949       0.3333333730697632
  925       1.1842104196548462       0.3333333730697632
  926       1.2061402797698975       0.3333333730697632
  927       1.2280700206756592       0.3333333730697632
  928       1.2499998807907104       0.3333333730697632
  929       0.0000000000000000       0.3555555641651154
  930       0.0219298228621483       0.3555555641651154
  931       0.0438596457242966       0.3555555641651154
  932       0.0657894611358643       0.3555555641651154
  933       0.0877192914485931       0.3555555641651154
  934       0.1096491143107414       0.3555555641651154
  935       0.1315789222717285       0.3555555641651154
  936       0.1535087525844574       0.3555555641651154
  937       0.1754385828971863       0.3555555641651154
  938       0.1973683983087540       0.3555555641651154
  939       0.2192982286214828       0.3555555641651154
  940       0.2412280440330505       0.3555555641651154
  941       0.2631578445434570       0.3555555641651154
  942       0.2850877046585083       0.3555555641651154
  943       0.3070175051689148       0.3555555641651154
  944       0.3289473354816437       0.3555555641651154
  945       0.3508771657943726       0.3555555641651154
  946       0.3728069663047791       0.3555555641651154
  947       0.3947367966175079       0.3555555641651154
  948       0.4166666269302368       0.3555555641651154
  949       0.4385964572429657       0.3555555641651154
  950       0.4605262875556946       0.3555555641651154
  951       0.4824560880661011       0.3555555641651154
  952       0.5043858885765076       0.3555555641651154
  953       0.5263156890869141       0.3555555641651154
  954       0.5482455492019653       0.3555555641651154
  955       0.5701754093170166       0.3555555641651154
  956       0.5921052098274231       0.3555555641651154
  957       0.6140350103378296       0.3555555641651154
  958       0.6359648704528809       0.3555555641651154
  959       0.6578946709632874       0.3555555641651154
  960       0.6798244714736938       0.3555555641651154
  961       0.7017543315887451       0.3555555641651154
  962       0.7236841320991516       0.3555555641651154
  963       0.7456139326095581       0.3555555641651154
  964       0.7675437927246094       0.3555555641651154
  965       0.7894735932350159       0.3555555641651154
  966       0.8114033937454224       0.3555555641651154
  967       0.8333332538604736       0.3555555641651154
  968       0.8552631139755249       0.3555555641651154
  969       0.8771929144859314       0.3555555641651154
  970       0.8991227149963379       0.3555555641651154
  971       0.9210525751113892       0.3555555641651154
  972       0.9429823756217957       0.3555555641651154
  973       0.9649121761322021       0.3555555641651154
  974       0.9868419766426086       0.3555555641651154
  975       1.0087717771530151       0.3555555641651154
  976       1.0307016372680664       0.3555555641651154
  977       1.0526313781738281       0.3555555641651154
  978       1.0745613574981689       0.3555555641651154
  979       1.0964910984039307       0.3555555641651154
  980       1.1184209585189819       0.3555555641651154
  981       1.1403508186340332       0.3555555641651154
  982       1.1622805595397949       0.3555555641651154
  983       1.1842104196548462       0.3555555641651154
  984       1.2061402797698975       0.3555555641651154
  985       1.2280700206756592       0.3555555641651154
  986       1.2499998807907104       0.3555555641651154
  987       0.0000000000000000       0.3777777850627899
  988       0.0219298228621483       0.3777777850627899
  989       0.0438596457242966       0.3777777850627899
  990       0.0657894611358643       0.3777777850627899
  991       0.0877192914485931       0.3777777850627899
  992       0.1096491143107414       0.3777777850627899
  993       0.1315789222717285       0.3777777850627899
  994       0.1535087525844574       0.3777777850627899
  995       0.1754385828971863       0.3777777850627899
  996       0.1973683983087540       0.3777777850627899
  997       0.2192982286214828       0.3777777850627899
  998       0.2412280440330505       0.3777777850627899
  999       0.2631578445434570       0.3777777850627899
 1000       0.2850877046585083       0.3777777850627899
 1001       0.3070175051689148       0.3777777850627899
 1002       0.3289473354816437       0.3777777850627899
 1003       0.3508771657943726       0.3777777850627899
 1004       0.3728069663047791       0.3777777850627899
 1005       0.3947367966175079       0.3777777850627899
 1006       0.4166666269302368       0.3777777850627899
 1007       0.4385964572429657       0.3777777850627899
 1008       0.4605262875556946       0.3777777850627899
 1009       0.4824560880661011       0.3777777850627899
 1010       0.5043858885765076       0.3777777850627899
 1011       0.5263156890869141       0.3777777850627899
 1012       0.5482455492019653       0.3777777850627899
 1013       0.5701754093170166       0.3777777850627899
 1014       0.5921052098274231       0.3777777850627899
 1015       0.6140350103378296       0.3777777850627899
 1016       0.6359648704528809       0.3777777850627899
 1017       0.6578946709632874       0.3777777850627899
 1018       0.6798244714736938       0.3777777850627899
 1019       0.7017543315887451       0.3777777850627899
 1020       0.7236841320991516       0.3777777850627899
 1021       0.7456139326095581       0.3777777850627899
 1022       0.7675437927246094       0.3777777850627899
 1023       0.7894735932350159       0.3777777850627899
 1024       0.8114033937454224       0.3777777850627899
 1025       0.8333332538604736       0.3777777850627899
 1026       0.8552631139755249       0.3777777850627899
 1027       0.8771929144859314       0.3777777850627899
 1028       0.8991227149963379       0.3777777850627899
 1029       0.9210525751113892       0.3777777850627899
 1030       0.9429823756217957       0.3777777850627899
 1031       0.9649121761322021       0.3777777850627899
 1032       0.9868419766426086       0.3777777850627899
 1033       1.0087717771530151       0.3777777850627899
 1034       1.0307016372680664       0.3777777850627899
 1035       1.0526313781738281       0.3777777850627899
 1036       1.0745613574981689       0.3777777850627899
 1037       1.0964910984039307       0.3777777850627899
 1038       1.1184209585189819       0.3777777850627899
 1039       1.1403508186340332       0.3777777850627899
 1040       1.1622805595397949       0.3777777850627899
 1041       1.1842104196548462       0.3777777850627899
 1042       1.2061402797698975       0.3777777850627899
 1043       1.2280700206756592       0.3777777850627899
 1044       1.2499998807907104       0.3777777850627899
 1045       0.0000000000000000       0.4000000357627869
 1046       0.0219298228621483       0.4000000357627869
 1047       0.0438596457242966       0.4000000357627869
 1048       0.0657894611358643       0.4000000357627869
 1049       0.0877192914485931       0.4000000357627869
 1050       0.1096491143107414       0.4000000357627869
 1051       0.1315789222717285       0.4000000357627869
 1052       0.1535087525844574       0.4000000357627869
 1053       0.1754385828971863       0.4000000357627869
 1054       0.1973683983087540       0.4000000357627869
 1055       0.2192982286214828       0.4000000357627869
 1056       0.2412280440330505       0.4000000357627869
 1057       0.2631578445434570       0.4000000357627869
 1058       0.2850877046585083       0.4000000357627869
 1059       0.3070175051689148       0.4000000357627869
 1060       0.3289473354816437       0.4000000357627869
 1061       0.3508771657943726       0.4000000357627869
 1062       0.3728069663047791       0.4000000357627869
 1063       0.3947367966175079       0.4000000357627869
 1064       0.4166666269302368       0.4000000357627869
 1065       0.4385964572429657       0.4000000357627869
 1066       0.4605262875556946       0.4000000357627869
 1067       0.4824560880661011       0.4000000357627869
 1068       0.5043858885765076       0.4000000357627869
 1069       0.5263156890869141       0.4000000357627869
 1070       0.5482455492019653       0.4000000357627869
 1071       0.5701754093170166       0.4000000357627869
 1072       0.5921052098274231       0.4000000357627869
 1073       0.6140350103378296       0.4000000357627869
 1074       0.6359648704528809       0.4000000357627869
 1075       0.6578946709632874       0.4000000357627869
 1076       0.6798244714736938       0.4000000357627869
 1077       0.7017543315887451       0.4000000357627869
 1078       0.7236841320991516       0.4000000357627869
 1079       0.7456139326095581       0.4000000357627869
 1080       0.7675437927246094       0.4000000357627869
 1081       0.7894735932350159       0.4000000357627869
 1082       0.8114033937454224       0.4000000357627869
 1083       0.8333332538604736       0.4000000357627869
 1084       0.8552631139755249       0.4000000357627869
 1085       0.8771929144859314       0.4000000357627869
 1086       0.8991227149963379       0.4000000357627869
 1087       0.9210525751113892       0.4000000357627869
 1088       0.9429823756217957       0.4000000357627869
 1089       0.9649121761322021       0.4000000357627869
 1090       0.9868419766426086       0.4000000357627869
 1091       1.0087717771530151       0.4000000357627869
 1092       1.0307016372680664       0.4000000357627869
 1093       1.0526313781738281       0.4000000357627869
 1094       1.0745613574981689       0.4000000357627869
 1095       1.0964910984039307       0.4000000357627869
 1096       1.1184209585189819       0.4000000357627869
 1097       1.1403508186340332       0.4000000357627869
 1098       1.1622805595397949       0.4000000357627869
 1099       1.1842104196548462       0.4000000357627869
 1100       1.2061402797698975       0.4000000357627869
 1101       1.2280700206756592       0.4000000357627869
 1102       1.2499998807907104       0.4000000357627869
 1103       0.0000000000000000       0.4222222268581390
 1104       0.0219298228621483       0.4222222268581390
 1105       0.0438596457242966       0.4222222268581390
 1106       0.0657894611358643       0.4222222268581390
 1107       0.0877192914485931       0.4222222268581390
 1108       0.1096491143107414       0.4222222268581390
 1109       0.1315789222717285       0.4222222268581390
 1110       0.1535087525844574       0.4222222268581390
 1111       0.1754385828971863       0.4222222268581390
 1112       0.1973683983087540       0.4222222268581390
 1113       0.2192982286214828       0.4222222268581390
 1114       0.2412280440330505       0.4222222268581390
 1115       0.2631578445434570       0.4222222268581390
 1116       0.2850877046585083       0.4222222268581390
 1117       0.3070175051689148       0.4222222268581390
 1118       0.3289473354816437       0.4222222268581390
 1119       0.3508771657943726       0.4222222268581390
 1120       0.3728069663047791       0.4222222268581390
 1121       0.3947367966175079       0.4222222268581390
 1122       0.4166666269302368       0.4222222268581390
 1123       0.4385964572429657       0.4222222268581390
 1124       0.4605262875556946       0.4222222268581390
 1125       0.4824560880661011       0.4222222268581390
 1126       0.5043858885765076       0.4222222268581390
 1127       0.5263156890869141       0.4222222268581390
 1128       0.5482455492019653       0.4222222268581390
 1129       0.5701754093170166       0.4222222268581390
 1130       0.5921052098274231       0.4222222268581390
 1131       0.6140350103378296       0.4222222268581390
 1132       0.6359648704528809       0.4222222268581390
 1133       0.6578946709632874       0.4222222268581390
 1134       0.6798244714736938       0.4222222268581390
 1135       0.7017543315887451       0.4222222268581390
 1136       0.7236841320991516       0.4222222268581390
 1137       0.7456139326095581       0.4222222268581390
 1138       0.7675437927246094       0.4222222268581390
 1139       0.7894735932350159       0.4222222268581390
 1140       0.8114033937454224       0.4222222268581390
 1141       0.8333332538604736       0.4222222268581390
 1142       0.8552631139755249       0.4222222268581390
 1143       0.8771929144859314       0.4222222268581390
 1144       0.8991227149963379       0.4222222268581390
 1145       0.9210525751113892       0.4222222268581390
 1146       0.9429823756217957       0.4222222268581390
 1147       0.9649121761322021       0.4222222268581390
 1148       0.9868419766426086       0.4222222268581390
 1149       1.0087717771530151       0.4222222268581390
 1150       1.0307016372680664       0.4222222268581390
 1151       1.0526313781738281       0.4222222268581390
 1152       1.0745613574981689       0.4222222268581390
 1153       1.0964910984039307       0.4222222268581390
 1154       1.1184209585189819       0.4222222268581390
 1155       1.1403508186340332       0.4222222268581390
 1156       1.1622805595397949       0.4222222268581390
 1157       1.1842104196548462       0.4222222268581390
 1158       1.2061402797698975       0.4222222268581390
 1159       1.2280700206756592       0.4222222268581390
 1160       1.2499998807907104       0.4222222268581390
 1161       0.0000000000000000       0.4444444477558136
 1162       0.0219298228621483       0.4444444477558136
 1163       0.0438596457242966       0.4444444477558136
 1164       0.0657894611358643       0.4444444477558136
 1165       0.0877192914485931       0.4444444477558136
 1166       0.1096491143107414       0.4444444477558136
 1167       0.1315789222717285       0.4444444477558136
 1168       0.1535087525844574       0.4444444477558136
 1169       0.1754385828971863       0.4444444477558136
 1170       0.1973683983087540       0.4444444477558136
 1171       0.2192982286214828       0.4444444477558136
 1172       0.2412280440330505       0.4444444477558136
 1173       0.2631578445434570       0.4444444477558136
 1174       0.2850877046585083       0.4444444477558136
 1175       0.3070175051689148       0.4444444477558136
 1176       0.3289473354816437       0.4444444477558136
 1177       0.3508771657943726       0.4444444477558136
 1178       0.3728069663047791       0.4444444477558136
 1179       0.3947367966175079       0.4444444477558136
 1180       0.4166666269302368       0.4444444477558136
 1181       0.4385964572429657       0.4444444477558136
 1182       0.4605262875556946       0.4444444477558136
 1183       0.4824560880661011       0.4444444477558136
 1184       0.5043858885765076       0.4444444477558136
 1185       0.5263156890869141       0.4444444477558136
 1186       0.5482455492019653       0.4444444477558136
 1187       0.5701754093170166       0.4444444477558136
 1188       0.5921052098274231       0.4444444477558136
 1189       0.6140350103378296       0.4444444477558136
 1190       0.6359648704528809       0.4444444477558136
 1191       0.6578946709632874       0.4444444477558136
 1192       0.6798244714736938       0.4444444477558136
 1193       0.7017543315887451       0.4444444477558136
 1194       0.7236841320991516       0.4444444477558136
 1195       0.7456139326095581       0.4444444477558136
 1196       0.7675437927246094       0.4444444477558136
 1197       0.7894735932350159       0.4444444477558136
 1198       0.8114033937454224       0.4444444477558136
 1199       0.8333332538604736       0.4444444477558136
 1200       0.8552631139755249       0.4444444477558136
 1201       0.8771929144859314       0.4444444477558136
 1202       0.8991227149963379       0.4444444477558136
 1203       0.9210525751113892       0.4444444477558136
 1204       0.9429823756217957       0.4444444477558136
 1205       0.9649121761322021       0.4444444477558136
 1206       0.9868419766426086       0.4444444477558136
 1207       1.0087717771530151       0.4444444477558136
 1208       1.0307016372680664       0.4444444477558136
 1209       1.0526313781738281       0.4444444477558136
 1210       1.0745613574981689       0.4444444477558136
 1211       1.0964910984039307       0.4444444477558136
 1212       1.1184209585189819       0.4444444477558136
 1213       1.1403508186340332       0.4444444477558136
 1214       1.1622805595397949       0.4444444477558136
 1215       1.1842104196548462       0.4444444477558136
 1216       1.2061402797698975       0.4444444477558136
 1217       1.2280700206756592       0.4444444477558136
 1218       1.2499998807907104       0.4444444477558136
 1219       0.0000000000000000       0.4666666984558105
 1220       0.0219298228621483       0.4666666984558105
 1221       0.0438596457242966       0.4666666984558105
 1222       0.0657894611358643       0.4666666984558105
 1223       0.0877192914485931       0.4666666984558105
 1224       0.1096491143107414       0.4666666984558105
 1225       0.1315789222717285       0.4666666984558105
 1226       0.1535087525844574       0.4666666984558105
 1227       0.1754385828971863       0.4666666984558105
 1228       0.1973683983087540       0.4666666984558105
 1229       0.2192982286214828       0.4666666984558105
 1230       0.2412280440330505       0.4666666984558105
 1231       0.2631578445434570       0.4666666984558105
 1232       0.2850877046585083       0.4666666984558105
 1233       0.3070175051689148       0.4666666984558105
 1234       0.3289473354816437       0.4666666984558105
 1235       0.3508771657943726       0.4666666984558105
 1236       0.3728069663047791       0.4666666984558105
 1237       0.3947367966175079       0.4666666984558105
 1238       0.4166666269302368       0.4666666984558105
 1239       0.4385964572429657       0.4666666984558105
 1240       0.4605262875556946       0.4666666984558105
 1241       0.4824560880661011       0.4666666984558105
 1242       0.5043858885765076       0.4666666984558105
 1243       0.5263156890869141       0.4666666984558105
 1244       0.5482455492019653       0.4666666984558105
 1245       0.5701754093170166       0.4666666984558105
 1246       0.5921052098274231       0.4666666984558105
 1247       0.6140350103378296       0.4666666984558105
 1248       0.6359648704528809       0.4666666984558105
 1249       0.6578946709632874       0.4666666984558105
 1250       0.6798244714736938       0.4666666984558105
 1251       0.7017543315887451       0.4666666984558105
 1252       0.7236841320991516       0.4666666984558105
 1253       0.7456139326095581       0.4666666984558105
 1254       0.7675437927246094       0.4666666984558105
 1255       0.7894735932350159       0.4666666984558105
 1256       0.8114033937454224       0.4666666984558105
 1257       0.8333332538604736       0.4666666984558105
 1258       0.8552631139755249       0.4666666984558105
 1259       0.8771929144859314       0.4666666984558105
 1260       0.8991227149963379       0.4666666984558105
 1261       0.9210525751113892       0.4666666984558105
 1262       0.9429823756217957       0.4666666984558105
 1263       0.9649121761322021       0.4666666984558105
 1264       0.9868419766426086       0.4666666984558105
 1265       1.0087717771530151       0.4666666984558105
 1266       1.0307016372680664       0.4666666984558105
 1267       1.0526313781738281       0.4666666984558105
 1268       1.0745613574981689       0.4666666984558105
 1269       1.0964910984039307       0.4666666984558105
 1270       1.1184209585189819       0.4666666984558105
 1271       1.1403508186340332       0.4666666984558105
 1272       1.1622805595397949       0.4666666984558105
 1273       1.1842104196548462       0.4666666984558105
 1274       1.2061402797698975       0.4666666984558105
 1275       1.2280700206756592       0.4666666984558105
 1276       1.2499998807907104       0.4666666984558105
 1277       0.0000000000000000       0.4888888895511627
 1278       0.0219298228621483       0.4888888895511627
 1279       0.0438596457242966       0.4888888895511627
 1280       0.0657894611358643       0.4888888895511627
 1281       0.0877192914485931       0.4888888895511627
 1282       0.1096491143107414       0.4888888895511627
 1283       0.1315789222717285       0.4888888895511627
 1284       0.1535087525844574       0.4888888895511627
 1285       0.1754385828971863       0.4888888895511627
 1286       0.1973683983087540       0.4888888895511627
 1287       0.2192982286214828       0.4888888895511627
 1288       0.2412280440330505       0.4888888895511627
 1289       0.2631578445434570       0.4888888895511627
 1290       0.2850877046585083       0.4888888895511627
 1291       0.3070175051689148       0.4888888895511627
 1292       0.3289473354816437       0.4888888895511627
 1293       0.3508771657943726       0.4888888895511627
 1294       0.3728069663047791       0.4888888895511627
 1295       0.3947367966175079       0.4888888895511627
 1296       0.4166666269302368       0.4888888895511627
 1297       0.4385964572429657       0.4888888895511627
 1298       0.4605262875556946       0.4888888895511627
 1299       0.4824560880661011       0.4888888895511627
 1300       0.5043858885765076       0.4888888895511627
 1301       0.5263156890869141       0.4888888895511627
 1302       0.5482455492019653       0.4888888895511627
 1303       0.5701754093170166       0.4888888895511627
 1304       0.5921052098274231       0.4888888895511627
 1305       0.6140350103378296       0.4888888895511627
 1306       0.6359648704528809       0.4888888895511627
 1307       0.6578946709632874       0.4888888895511627
 1308       0.6798244714736938       0.4888888895511627
 1309       0.7017543315887451       0.4888888895511627
 1310       0.7236841320991516       0.4888888895511627
 1311       0.7456139326095581       0.4888888895511627
 1312       0.7675437927246094       0.4888888895511627
 1313       0.7894735932350159       0.4888888895511627
 1314       0.8114033937454224       0.4888888895511627
 1315       0.8333332538604736       0.4888888895511627
 1316       0.8552631139755249       0.4888888895511627
 1317       0.8771929144859314       0.4888888895511627
 1318       0.8991227149963379       0.4888888895511627
 1319       0.9210525751113892       0.4888888895511627
 1320       0.9429823756217957       0.4888888895511627
 1321       0.9649121761322021       0.4888888895511627
 1322       0.9868419766426086       0.4888888895511627
 1323       1.0087717771530151       0.4888888895511627
 1324       1.0307016372680664       0.4888888895511627
 1325       1.0526313781738281       0.4888888895511627
 1326       1.0745613574981689       0.4888888895511627
 1327       1.0964910984039307       0.4888888895511627
 1328       1.1184209585189819       0.4888888895511627
 1329       1.1403508186340332       0.4888888895511627
 1330       1.1622805595397949       0.4888888895511627
 1331       1.1842104196548462       0.4888888895511627
 1332       1.2061402797698975       0.4888888895511627
 1333       1.2280700206756592       0.4888888895511627
 1334       1.2499998807907104       0.4888888895511627
 1335       0.0000000000000000       0.5111111402511597
 1336       0.0219298228621483       0.5111111402511597
 1337       0.0438596457242966       0.5111111402511597
 1338       0.0657894611358643       0.5111111402511597
 1339       0.0877192914485931       0.5111111402511597
 1340       0.1096491143107414       0.5111111402511597
 1341       0.1315789222717285       0.5111111402511597
 1342       0.1535087525844574       0.5111111402511597
 1343       0.1754385828971863       0.5111111402511597
 1344       0.1973683983087540       0.5111111402511597
 1345       0.2192982286214828       0.5111111402511597
 1346       0.2412280440330505       0.5111111402511597
 1347       0.2631578445434570       0.5111111402511597
 1348       0.2850877046585083       0.5111111402511597
 1349       0.3070175051689148       0.5111111402511597
 1350       0.3289473354816437       0.5111111402511597
 1351       0.3508771657943726       0.5111111402511597
 1352       0.3728069663047791       0.5111111402511597
 1353       0.3947367966175079       0.5111111402511597
 1354       0.4166666269302368       0.5111111402511597
 1355       0.4385964572429657       0.5111111402511597
 1356       0.4605262875556946       0.5111111402511597
 1357       0.4824560880661011       0.5111111402511597
 1358       0.5043858885765076       0.5111111402511597
 1359       0.5263156890869141       0.5111111402511597
 1360       0.5482455492019653       0.5111111402511597
 1361       0.5701754093170166       0.5111111402511597
 1362       0.5921052098274231       0.5111111402511597
 1363       0.6140350103378296       0.5111111402511597
 1364       0.6359648704528809       0.5111111402511597
 1365       0.6578946709632874       0.5111111402511597
 1366       0.6798244714736938       0.5111111402511597
 1367       0.7017543315887451       0.5111111402511597
 1368       0.7236841320991516       0.5111111402511597
 1369       0.7456139326095581       0.5111111402511597
 1370       0.7675437927246094       0.5111111402511597
 1371       0.7894735932350159       0.5111111402511597
 1372       0.8114033937454224       0.5111111402511597
 1373       0.8333332538604736       0.5111111402511597
 1374       0.8552631139755249       0.5111111402511597
 1375       0.8771929144859314       0.5111111402511597
 1376       0.8991227149963379       0.5111111402511597
 1377       0.9210525751113892       0.5111111402511597
 1378       0.9429823756217957       0.5111111402511597
 1379       0.9649121761322021       0.5111111402511597
 1380       0.9868419766426086       0.5111111402511597
 1381       1.0087717771530151       0.5111111402511597
 1382       1.0307016372680664       0.5111111402511597
 1383       1.0526313781738281       0.5111111402511597
 1384       1.0745613574981689       0.5111111402511597
 1385       1.0964910984039307       0.5111111402511597
 1386       1.1184209585189819       0.5111111402511597
 1387       1.1403508186340332       0.5111111402511597
 1388       1.1622805595397949       0.5111111402511597
 1389       1.1842104196548462       0.5111111402511597
 1390       1.2061402797698975       0.5111111402511597
 1391       1.2280700206756592       0.5111111402511597
 1392       1.2499998807907104       0.5111111402511597
 1393       0.0000000000000000       0.5333333611488342
 1394       0.0219298228621483       0.5333333611488342
 1395       0.0438596457242966       0.5333333611488342
 1396       0.0657894611358643       0.5333333611488342
 1397       0.0877192914485931       0.5333333611488342
 1398       0.1096491143107414       0.5333333611488342
 1399       0.1315789222717285       0.5333333611488342
 1400       0.1535087525844574       0.5333333611488342
 1401       0.1754385828971863       0.5333333611488342
 1402       0.1973683983087540       0.5333333611488342
 1403       0.2192982286214828       0.5333333611488342
 1404       0.2412280440330505       0.5333333611488342
 1405       0.2631578445434570       0.5333333611488342
 1406       0.2850877046585083       0.5333333611488342
 1407       0.3070175051689148       0.5333333611488342
 1408       0.3289473354816437       0.5333333611488342
 1409       0.3508771657943726       0.5333333611488342
 1410       0.3728069663047791       0.5333333611488342
 1411       0.3947367966175079       0.5333333611488342
 1412       0.4166666269302368       0.5333333611488342
 1413       0.4385964572429657       0.5333333611488342
 1414       0.4605262875556946       0.5333333611488342
 1415       0.4824560880661011       0.5333333611488342
 1416       0.5043858885765076       0.5333333611488342
 1417       0.5263156890869141       0.5333333611488342
 1418       0.5482455492019653       0.5333333611488342
 1419       0.5701754093170166       0.5333333611488342
 1420       0.5921052098274231       0.5333333611488342
 1421       0.6140350103378296       0.5333333611488342
 1422       0.6359648704528809       0.5333333611488342
 1423       0.6578946709632874       0.5333333611488342
 1424       0.6798244714736938       0.5333333611488342
 1425       0.7017543315887451       0.5333333611488342
 1426       0.7236841320991516       0.5333333611488342
 1427       0.7456139326095581       0.5333333611488342
 1428       0.7675437927246094       0.5333333611488342
 1429       0.7894735932350159       0.5333333611488342
 1430       0.8114033937454224       0.5333333611488342
 1431       0.8333332538604736       0.5333333611488342
 1432       0.8552631139755249       0.5333333611488342
 1433       0.8771929144859314       0.5333333611488342
 1434       0.8991227149963379       0.5333333611488342
 1435       0.9210525751113892       0.5333333611488342
 1436       0.9429823756217957       0.5333333611488342
 1437       0.9649121761322021       0.5333333611488342
 1438       0.9868419766426086       0.5333333611488342
 1439       1.0087717771530151       0.5333333611488342
 1440       1.0307016372680664       0.5333333611488342
 1441       1.0526313781738281       0.5333333611488342
 1442       1.0745613574981689       0.5333333611488342
 1443       1.0964910984039307       0.5333333611488342
 1444       1.1184209585189819       0.5333333611488342
 1445       1.1403508186340332       0.5333333611488342
 1446       1.1622805595397949       0.5333333611488342
 1447       1.1842104196548462       0.5333333611488342
 1448       1.2061402797698975       0.5333333611488342
 1449       1.2280700206756592       0.5333333611488342
 1450       1.2499998807907104       0.5333333611488342
 1451       0.0000000000000000       0.5555555820465088
 1452       0.0219298228621483       0.5555555820465088
 1453       0.0438596457242966       0.5555555820465088
 1454       0.0657894611358643       0.5555555820465088
 1455       0.0877192914485931       0.5555555820465088
 1456       0.1096491143107414       0.5555555820465088
 1457       0.1315789222717285       0.5555555820465088
 1458       0.1535087525844574       0.5555555820465088
 1459       0.1754385828971863       0.5555555820465088
 1460       0.1973683983087540       0.5555555820465088
 1461       0.2192982286214828       0.5555555820465088
 1462       0.2412280440330505       0.5555555820465088
 1463       0.2631578445434570       0.5555555820465088
 1464       0.2850877046585083       0.5555555820465088
 1465       0.3070175051689148       0.5555555820465088
 1466       0.3289473354816437       0.5555555820465088
 1467       0.3508771657943726       0.5555555820465088
 1468       0.3728069663047791       0.5555555820465088
 1469       0.3947367966175079       0.5555555820465088
 1470       0.4166666269302368       0.5555555820465088
 1471       0.4385964572429657       0.5555555820465088
 1472       0.4605262875556946       0.5555555820465088
 1473       0.4824560880661011       0.5555555820465088
 1474       0.5043858885765076       0.5555555820465088
 1475       0.5263156890869141       0.5555555820465088
 1476       0.5482455492019653       0.5555555820465088
 1477       0.5701754093170166       0.5555555820465088
 1478       0.5921052098274231       0.5555555820465088
 1479       0.6140350103378296       0.5555555820465088
 1480       0.6359648704528809       0.5555555820465088
 1481       0.6578946709632874       0.5555555820465088
 1482       0.6798244714736938       0.5555555820465088
 1483       0.7017543315887451       0.5555555820465088
 1484       0.7236841320991516       0.5555555820465088
 1485       0.7456139326095581       0.5555555820465088
 1486       0.7675437927246094       0.5555555820465088
 1487       0.7894735932350159       0.5555555820465088
 1488       0.8114033937454224       0.5555555820465088
 1489       0.8333332538604736       0.5555555820465088
 1490       0.8552631139755249       0.5555555820465088
 1491       0.8771929144859314       0.5555555820465088
 1492       0.8991227149963379       0.5555555820465088
 1493       0.9210525751113892       0.5555555820465088
 1494       0.9429823756217957       0.5555555820465088
 1495       0.9649121761322021       0.5555555820465088
 1496       0.9868419766426086       0.5555555820465088
 1497       1.0087717771530151       0.5555555820465088
 1498       1.0307016372680664       0.5555555820465088
 1499       1.0526313781738281       0.5555555820465088
 1500       1.0745613574981689       0.5555555820465088
 1501       1.0964910984039307       0.5555555820465088
 1502       1.1184209585189819       0.5555555820465088
 1503       1.1403508186340332       0.5555555820465088
 1504       1.1622805595397949       0.5555555820465088
 1505       1.1842104196548462       0.5555555820465088
 1506       1.2061402797698975       0.5555555820465088
 1507       1.2280700206756592       0.5555555820465088
 1508       1.2499998807907104       0.5555555820465088
 1509       0.0000000000000000       0.5777778029441833
 1510       0.0219298228621483       0.5777778029441833
 1511       0.0438596457242966       0.5777778029441833
 1512       0.0657894611358643       0.5777778029441833
 1513       0.0877192914485931       0.5777778029441833
 1514       0.1096491143107414       0.5777778029441833
 1515       0.1315789222717285       0.5777778029441833
 1516       0.1535087525844574       0.5777778029441833
 1517       0.1754385828971863       0.5777778029441833
 1518       0.1973683983087540       0.5777778029441833
 1519       0.2192982286214828       0.5777778029441833
 1520       0.2412280440330505       0.5777778029441833
 1521       0.2631578445434570       0.5777778029441833
 1522       0.2850877046585083       0.5777778029441833
 1523       0.3070175051689148       0.5777778029441833
 1524       0.3289473354816437       0.5777778029441833
 1525       0.3508771657943726       0.5777778029441833
 1526       0.3728069663047791       0.5777778029441833
 1527       0.3947367966175079       0.5777778029441833
 1528       0.4166666269302368       0.5777778029441833
 1529       0.4385964572429657       0.5777778029441833
 1530       0.4605262875556946       0.5777778029441833
 1531       0.4824560880661011       0.5777778029441833
 1532       0.5043858885765076       0.5777778029441833
 1533       0.5263156890869141       0.5777778029441833
 1534       0.5482455492019653       0.5777778029441833
 1535       0.5701754093170166       0.5777778029441833
 1536       0.5921052098274231       0.5777778029441833
 1537       0.6140350103378296       0.5777778029441833
 1538       0.6359648704528809       0.5777778029441833
 1539       0.6578946709632874       0.5777778029441833
 1540       0.6798244714736938       0.5777778029441833
 1541       0.7017543315887451       0.5777778029441833
 1542       0.7236841320991516       0.5777778029441833
 1543       0.7456139326095581       0.5777778029441833
 1544       0.7675437927246094       0.5777778029441833
 1545       0.7894735932350159       0.5777778029441833
 1546       0.8114033937454224       0.5777778029441833
 1547       0.8333332538604736       0.5777778029441833
 1548       0.8552631139755249       0.5777778029441833
 1549       0.8771929144859314       0.5777778029441833
 1550       0.8991227149963379       0.5777778029441833
 1551       0.9210525751113892       0.5777778029441833
 1552       0.9429823756217957       0.5777778029441833
 1553       0.9649121761322021       0.5777778029441833
 1554       0.9868419766426086       0.5777778029441833
 1555       1.0087717771530151       0.5777778029441833
 1556       1.0307016372680664       0.5777778029441833
 1557       1.0526313781738281       0.5777778029441833
 1558       1.0745613574981689       0.5777778029441833
 1559       1.0964910984039307       0.5777778029441833
 1560       1.1184209585189819       0.5777778029441833
 1561       1.1403508186340332       0.5777778029441833
 1562       1.1622805595397949       0.5777778029441833
 1563       1.1842104196548462       0.5777778029441833
 1564       1.2061402797698975       0.5777778029441833
 1565       1.2280700206756592       0.5777778029441833
 1566       1.2499998807907104       0.5777778029441833
 1567       0.0000000000000000       0.6000000238418579
 1568       0.0219298228621483       0.6000000238418579
 1569       0.0438596457242966       0.6000000238418579
 1570       0.0657894611358643       0.6000000238418579
 1571       0.0877192914485931       0.6000000238418579
 1572       0.1096491143107414       0.6000000238418579
 1573       0.1315789222717285       0.6000000238418579
 1574       0.1535087525844574       0.6000000238418579
 1575       0.1754385828971863       0.6000000238418579
 1576       0.1973683983087540       0.6000000238418579
 1577       0.2192982286214828       0.6000000238418579
 1578       0.2412280440330505       0.6000000238418579
 1579       0.2631578445434570       0.6000000238418579
 1580       0.2850877046585083       0.6000000238418579
 1581       0.3070175051689148       0.6000000238418579
 1582       0.3289473354816437       0.6000000238418579
 1583       0.3508771657943726       0.6000000238418579
 1584       0.3728069663047791       0.6000000238418579
 1585       0.3947367966175079       0.6000000238418579
 1586       0.4166666269302368       0.6000000238418579
 1587       0.4385964572429657       0.6000000238418579
 1588       0.4605262875556946       0.6000000238418579
 1589       0.4824560880661011       0.6000000238418579
 1590       0.5043858885765076       0.6000000238418579
 1591       0.5263156890869141       0.6000000238418579
 1592       0.5482455492019653       0.6000000238418579
 1593       0.5701754093170166       0.6000000238418579
 1594       0.5921052098274231       0.6000000238418579
 1595       0.6140350103378296       0.6000000238418579
 1596       0.6359648704528809       0.6000000238418579
 1597       0.6578946709632874       0.6000000238418579
 1598       0.6798244714736938       0.6000000238418579
 1599       0.7017543315887451       0.6000000238418579
 1600       0.7236841320991516       0.6000000238418579
 1601       0.7456139326095581       0.6000000238418579
 1602       0.7675437927246094       0.6000000238418579
 1603       0.7894735932350159       0.6000000238418579
 1604       0.8114033937454224       0.6000000238418579
 1605       0.8333332538604736       0.6000000238418579
 1606       0.8552631139755249       0.6000000238418579
 1607       0.8771929144859314       0.6000000238418579
 1608       0.8991227149963379       0.6000000238418579
 1609       0.9210525751113892       0.6000000238418579
 1610       0.9429823756217957       0.6000000238418579
 1611       0.9649121761322021       0.6000000238418579
 1612       0.9868419766426086       0.6000000238418579
 1613       1.0087717771530151       0.6000000238418579
 1614       1.0307016372680664       0.6000000238418579
 1615       1.0526313781738281       0.6000000238418579
 1616       1.0745613574981689       0.6000000238418579
 1617       1.0964910984039307       0.6000000238418579
 1618       1.1184209585189819       0.6000000238418579
 1619       1.1403508186340332       0.6000000238418579
 1620       1.1622805595397949       0.6000000238418579
 1621       1.1842104196548462       0.6000000238418579
 1622       1.2061402797698975       0.6000000238418579
 1623       1.2280700206756592       0.6000000238418579
 1624       1.2499998807907104       0.6000000238418579
