5.000E-05 1.000E+00 0.400E+00 5.200E+04 1.000E+00 1.000E-06 1.000E-02 418
    1       0.0000000000000000       0.0000000000000000
    2       0.0657894685864449       0.0000000000000000
    3       0.1315789371728897       0.0000000000000000
    4       0.1973684132099152       0.0000000000000000
    5       0.2631578743457794       0.0000000000000000
    6       0.3289473354816437       0.0000000000000000
    7       0.3947368264198303       0.0000000000000000
    8       0.4605262875556946       0.0000000000000000
    9       0.5263157486915588       0.0000000000000000
   10       0.5921052694320679       0.0000000000000000
   11       0.6578946709632874       0.0000000000000000
   12       0.7236841320991516      -0.0631579011678696
   12       0.7236841320991516      -0.0315789505839348
   12       0.7236841320991516       0.0000000000000000
   13       0.7894736528396606      -0.0631579011678696
   13       0.7894736528396606      -0.0315789505839348
   13       0.7894736528396606       0.0000000000000000
   14       0.8552631139755249      -0.0631579011678696
   14       0.8552631139755249      -0.0315789505839348
   14       0.8552631139755249       0.0000000000000000
   15       0.9210525751113892      -0.0631579011678696
   15       0.9210525751113892      -0.0315789505839348
   15       0.9210525751113892       0.0000000000000000
   16       0.9868420362472534      -0.0631579011678696
   16       0.9868420362472534      -0.0315789505839348
   16       0.9868420362472534       0.0000000000000000
   17       1.0526314973831177      -0.0631579011678696
   17       1.0526314973831177      -0.0315789505839348
   17       1.0526314973831177       0.0000000000000000
   18       1.1184209585189819      -0.0631579011678696
   18       1.1184209585189819      -0.0315789505839348
   18       1.1184209585189819       0.0000000000000000
   19       1.1842105388641357      -0.0631579011678696
   19       1.1842105388641357      -0.0315789505839348
   19       1.1842105388641357       0.0000000000000000
   20       1.2499998807907104      -0.0631579011678696
   20       1.2499998807907104      -0.0315789505839348
   20       1.2499998807907104       0.0000000000000000
   21       0.0000000000000000       0.0315789505839348
   22       0.0657894685864449       0.0315789505839348
   23       0.1315789371728897       0.0315789505839348
   24       0.1973684132099152       0.0315789505839348
   25       0.2631578743457794       0.0315789505839348
   26       0.3289473354816437       0.0315789505839348
   27       0.3947368264198303       0.0315789505839348
   28       0.4605262875556946       0.0315789505839348
   29       0.5263157486915588       0.0315789505839348
   30       0.5921052694320679       0.0315789505839348
   31       0.6578946709632874       0.0315789505839348
   32       0.7236841320991516       0.0315789505839348
   33       0.7894736528396606       0.0315789505839348
   34       0.8552631139755249       0.0315789505839348
   35       0.9210525751113892       0.0315789505839348
   36       0.9868420362472534       0.0315789505839348
   37       1.0526314973831177       0.0315789505839348
   38       1.1184209585189819       0.0315789505839348
   39       1.1842105388641357       0.0315789505839348
   40       1.2499998807907104       0.0315789505839348
   41       0.0000000000000000       0.0631579011678696
   42       0.0657894685864449       0.0631579011678696
   43       0.1315789371728897       0.0631579011678696
   44       0.1973684132099152       0.0631579011678696
   45       0.2631578743457794       0.0631579011678696
   46       0.3289473354816437       0.0631579011678696
   47       0.3947368264198303       0.0631579011678696
   48       0.4605262875556946       0.0631579011678696
   49       0.5263157486915588       0.0631579011678696
   50       0.5921052694320679       0.0631579011678696
   51       0.6578946709632874       0.0631579011678696
   52       0.7236841320991516       0.0631579011678696
   53       0.7894736528396606       0.0631579011678696
   54       0.8552631139755249       0.0631579011678696
   55       0.9210525751113892       0.0631579011678696
   56       0.9868420362472534       0.0631579011678696
   57       1.0526314973831177       0.0631579011678696
   58       1.1184209585189819       0.0631579011678696
   59       1.1842105388641357       0.0631579011678696
   60       1.2499998807907104       0.0631579011678696
   61       0.0000000000000000       0.0947368443012238
   62       0.0657894685864449       0.0947368443012238
   63       0.1315789371728897       0.0947368443012238
   64       0.1973684132099152       0.0947368443012238
   65       0.2631578743457794       0.0947368443012238
   66       0.3289473354816437       0.0947368443012238
   67       0.3947368264198303       0.0947368443012238
   68       0.4605262875556946       0.0947368443012238
   69       0.5263157486915588       0.0947368443012238
   70       0.5921052694320679       0.0947368443012238
   71       0.6578946709632874       0.0947368443012238
   72       0.7236841320991516       0.0947368443012238
   73       0.7894736528396606       0.0947368443012238
   74       0.8552631139755249       0.0947368443012238
   75       0.9210525751113892       0.0947368443012238
   76       0.9868420362472534       0.0947368443012238
   77       1.0526314973831177       0.0947368443012238
   78       1.1184209585189819       0.0947368443012238
   79       1.1842105388641357       0.0947368443012238
   80       1.2499998807907104       0.0947368443012238
   81       0.0000000000000000       0.1263158023357391
   82       0.0657894685864449       0.1263158023357391
   83       0.1315789371728897       0.1263158023357391
   84       0.1973684132099152       0.1263158023357391
   85       0.2631578743457794       0.1263158023357391
   86       0.3289473354816437       0.1263158023357391
   87       0.3947368264198303       0.1263158023357391
   88       0.4605262875556946       0.1263158023357391
   89       0.5263157486915588       0.1263158023357391
   90       0.5921052694320679       0.1263158023357391
   91       0.6578946709632874       0.1263158023357391
   92       0.7236841320991516       0.1263158023357391
   93       0.7894736528396606       0.1263158023357391
   94       0.8552631139755249       0.1263158023357391
   95       0.9210525751113892       0.1263158023357391
   96       0.9868420362472534       0.1263158023357391
   97       1.0526314973831177       0.1263158023357391
   98       1.1184209585189819       0.1263158023357391
   99       1.1842105388641357       0.1263158023357391
  100       1.2499998807907104       0.1263158023357391
  101       0.0000000000000000       0.1578947454690933
  102       0.0657894685864449       0.1578947454690933
  103       0.1315789371728897       0.1578947454690933
  104       0.1973684132099152       0.1578947454690933
  105       0.2631578743457794       0.1578947454690933
  106       0.3289473354816437       0.1578947454690933
  107       0.3947368264198303       0.1578947454690933
  108       0.4605262875556946       0.1578947454690933
  109       0.5263157486915588       0.1578947454690933
  110       0.5921052694320679       0.1578947454690933
  111       0.6578946709632874       0.1578947454690933
  112       0.7236841320991516       0.1578947454690933
  113       0.7894736528396606       0.1578947454690933
  114       0.8552631139755249       0.1578947454690933
  115       0.9210525751113892       0.1578947454690933
  116       0.9868420362472534       0.1578947454690933
  117       1.0526314973831177       0.1578947454690933
  118       1.1184209585189819       0.1578947454690933
  119       1.1842105388641357       0.1578947454690933
  120       1.2499998807907104       0.1578947454690933
  121       0.0000000000000000       0.1894736886024475
  122       0.0657894685864449       0.1894736886024475
  123       0.1315789371728897       0.1894736886024475
  124       0.1973684132099152       0.1894736886024475
  125       0.2631578743457794       0.1894736886024475
  126       0.3289473354816437       0.1894736886024475
  127       0.3947368264198303       0.1894736886024475
  128       0.4605262875556946       0.1894736886024475
  129       0.5263157486915588       0.1894736886024475
  130       0.5921052694320679       0.1894736886024475
  131       0.6578946709632874       0.1894736886024475
  132       0.7236841320991516       0.1894736886024475
  133       0.7894736528396606       0.1894736886024475
  134       0.8552631139755249       0.1894736886024475
  135       0.9210525751113892       0.1894736886024475
  136       0.9868420362472534       0.1894736886024475
  137       1.0526314973831177       0.1894736886024475
  138       1.1184209585189819       0.1894736886024475
  139       1.1842105388641357       0.1894736886024475
  140       1.2499998807907104       0.1894736886024475
  141       0.0000000000000000       0.2210526317358017
  142       0.0657894685864449       0.2210526317358017
  143       0.1315789371728897       0.2210526317358017
  144       0.1973684132099152       0.2210526317358017
  145       0.2631578743457794       0.2210526317358017
  146       0.3289473354816437       0.2210526317358017
  147       0.3947368264198303       0.2210526317358017
  148       0.4605262875556946       0.2210526317358017
  149       0.5263157486915588       0.2210526317358017
  150       0.5921052694320679       0.2210526317358017
  151       0.6578946709632874       0.2210526317358017
  152       0.7236841320991516       0.2210526317358017
  153       0.7894736528396606       0.2210526317358017
  154       0.8552631139755249       0.2210526317358017
  155       0.9210525751113892       0.2210526317358017
  156       0.9868420362472534       0.2210526317358017
  157       1.0526314973831177       0.2210526317358017
  158       1.1184209585189819       0.2210526317358017
  159       1.1842105388641357       0.2210526317358017
  160       1.2499998807907104       0.2210526317358017
  161       0.0000000000000000       0.2526316046714783
  162       0.0657894685864449       0.2526316046714783
  163       0.1315789371728897       0.2526316046714783
  164       0.1973684132099152       0.2526316046714783
  165       0.2631578743457794       0.2526316046714783
  166       0.3289473354816437       0.2526316046714783
  167       0.3947368264198303       0.2526316046714783
  168       0.4605262875556946       0.2526316046714783
  169       0.5263157486915588       0.2526316046714783
  170       0.5921052694320679       0.2526316046714783
  171       0.6578946709632874       0.2526316046714783
  172       0.7236841320991516       0.2526316046714783
  173       0.7894736528396606       0.2526316046714783
  174       0.8552631139755249       0.2526316046714783
  175       0.9210525751113892       0.2526316046714783
  176       0.9868420362472534       0.2526316046714783
  177       1.0526314973831177       0.2526316046714783
  178       1.1184209585189819       0.2526316046714783
  179       1.1842105388641357       0.2526316046714783
  180       1.2499998807907104       0.2526316046714783
  181       0.0000000000000000       0.2842105329036713
  182       0.0657894685864449       0.2842105329036713
  183       0.1315789371728897       0.2842105329036713
  184       0.1973684132099152       0.2842105329036713
  185       0.2631578743457794       0.2842105329036713
  186       0.3289473354816437       0.2842105329036713
  187       0.3947368264198303       0.2842105329036713
  188       0.4605262875556946       0.2842105329036713
  189       0.5263157486915588       0.2842105329036713
  190       0.5921052694320679       0.2842105329036713
  191       0.6578946709632874       0.2842105329036713
  192       0.7236841320991516       0.2842105329036713
  193       0.7894736528396606       0.2842105329036713
  194       0.8552631139755249       0.2842105329036713
  195       0.9210525751113892       0.2842105329036713
  196       0.9868420362472534       0.2842105329036713
  197       1.0526314973831177       0.2842105329036713
  198       1.1184209585189819       0.2842105329036713
  199       1.1842105388641357       0.2842105329036713
  200       1.2499998807907104       0.2842105329036713
  201       0.0000000000000000       0.3157894909381866
  202       0.0657894685864449       0.3157894909381866
  203       0.1315789371728897       0.3157894909381866
  204       0.1973684132099152       0.3157894909381866
  205       0.2631578743457794       0.3157894909381866
  206       0.3289473354816437       0.3157894909381866
  207       0.3947368264198303       0.3157894909381866
  208       0.4605262875556946       0.3157894909381866
  209       0.5263157486915588       0.3157894909381866
  210       0.5921052694320679       0.3157894909381866
  211       0.6578946709632874       0.3157894909381866
  212       0.7236841320991516       0.3157894909381866
  213       0.7894736528396606       0.3157894909381866
  214       0.8552631139755249       0.3157894909381866
  215       0.9210525751113892       0.3157894909381866
  216       0.9868420362472534       0.3157894909381866
  217       1.0526314973831177       0.3157894909381866
  218       1.1184209585189819       0.3157894909381866
  219       1.1842105388641357       0.3157894909381866
  220       1.2499998807907104       0.3157894909381866
  221       0.0000000000000000       0.3473684191703796
  222       0.0657894685864449       0.3473684191703796
  223       0.1315789371728897       0.3473684191703796
  224       0.1973684132099152       0.3473684191703796
  225       0.2631578743457794       0.3473684191703796
  226       0.3289473354816437       0.3473684191703796
  227       0.3947368264198303       0.3473684191703796
  228       0.4605262875556946       0.3473684191703796
  229       0.5263157486915588       0.3473684191703796
  230       0.5921052694320679       0.3473684191703796
  231       0.6578946709632874       0.3473684191703796
  232       0.7236841320991516       0.3473684191703796
  233       0.7894736528396606       0.3473684191703796
  234       0.8552631139755249       0.3473684191703796
  235       0.9210525751113892       0.3473684191703796
  236       0.9868420362472534       0.3473684191703796
  237       1.0526314973831177       0.3473684191703796
  238       1.1184209585189819       0.3473684191703796
  239       1.1842105388641357       0.3473684191703796
  240       1.2499998807907104       0.3473684191703796
  241       0.0000000000000000       0.3789473772048950
  242       0.0657894685864449       0.3789473772048950
  243       0.1315789371728897       0.3789473772048950
  244       0.1973684132099152       0.3789473772048950
  245       0.2631578743457794       0.3789473772048950
  246       0.3289473354816437       0.3789473772048950
  247       0.3947368264198303       0.3789473772048950
  248       0.4605262875556946       0.3789473772048950
  249       0.5263157486915588       0.3789473772048950
  250       0.5921052694320679       0.3789473772048950
  251       0.6578946709632874       0.3789473772048950
  252       0.7236841320991516       0.3789473772048950
  253       0.7894736528396606       0.3789473772048950
  254       0.8552631139755249       0.3789473772048950
  255       0.9210525751113892       0.3789473772048950
  256       0.9868420362472534       0.3789473772048950
  257       1.0526314973831177       0.3789473772048950
  258       1.1184209585189819       0.3789473772048950
  259       1.1842105388641357       0.3789473772048950
  260       1.2499998807907104       0.3789473772048950
  261       0.0000000000000000       0.4105263352394104
  262       0.0657894685864449       0.4105263352394104
  263       0.1315789371728897       0.4105263352394104
  264       0.1973684132099152       0.4105263352394104
  265       0.2631578743457794       0.4105263352394104
  266       0.3289473354816437       0.4105263352394104
  267       0.3947368264198303       0.4105263352394104
  268       0.4605262875556946       0.4105263352394104
  269       0.5263157486915588       0.4105263352394104
  270       0.5921052694320679       0.4105263352394104
  271       0.6578946709632874       0.4105263352394104
  272       0.7236841320991516       0.4105263352394104
  273       0.7894736528396606       0.4105263352394104
  274       0.8552631139755249       0.4105263352394104
  275       0.9210525751113892       0.4105263352394104
  276       0.9868420362472534       0.4105263352394104
  277       1.0526314973831177       0.4105263352394104
  278       1.1184209585189819       0.4105263352394104
  279       1.1842105388641357       0.4105263352394104
  280       1.2499998807907104       0.4105263352394104
  281       0.0000000000000000       0.4421052634716034
  282       0.0657894685864449       0.4421052634716034
  283       0.1315789371728897       0.4421052634716034
  284       0.1973684132099152       0.4421052634716034
  285       0.2631578743457794       0.4421052634716034
  286       0.3289473354816437       0.4421052634716034
  287       0.3947368264198303       0.4421052634716034
  288       0.4605262875556946       0.4421052634716034
  289       0.5263157486915588       0.4421052634716034
  290       0.5921052694320679       0.4421052634716034
  291       0.6578946709632874       0.4421052634716034
  292       0.7236841320991516       0.4421052634716034
  293       0.7894736528396606       0.4421052634716034
  294       0.8552631139755249       0.4421052634716034
  295       0.9210525751113892       0.4421052634716034
  296       0.9868420362472534       0.4421052634716034
  297       1.0526314973831177       0.4421052634716034
  298       1.1184209585189819       0.4421052634716034
  299       1.1842105388641357       0.4421052634716034
  300       1.2499998807907104       0.4421052634716034
  301       0.0000000000000000       0.4736842513084412
  302       0.0657894685864449       0.4736842513084412
  303       0.1315789371728897       0.4736842513084412
  304       0.1973684132099152       0.4736842513084412
  305       0.2631578743457794       0.4736842513084412
  306       0.3289473354816437       0.4736842513084412
  307       0.3947368264198303       0.4736842513084412
  308       0.4605262875556946       0.4736842513084412
  309       0.5263157486915588       0.4736842513084412
  310       0.5921052694320679       0.4736842513084412
  311       0.6578946709632874       0.4736842513084412
  312       0.7236841320991516       0.4736842513084412
  313       0.7894736528396606       0.4736842513084412
  314       0.8552631139755249       0.4736842513084412
  315       0.9210525751113892       0.4736842513084412
  316       0.9868420362472534       0.4736842513084412
  317       1.0526314973831177       0.4736842513084412
  318       1.1184209585189819       0.4736842513084412
  319       1.1842105388641357       0.4736842513084412
  320       1.2499998807907104       0.4736842513084412
  321       0.0000000000000000       0.5052632093429565
  322       0.0657894685864449       0.5052632093429565
  323       0.1315789371728897       0.5052632093429565
  324       0.1973684132099152       0.5052632093429565
  325       0.2631578743457794       0.5052632093429565
  326       0.3289473354816437       0.5052632093429565
  327       0.3947368264198303       0.5052632093429565
  328       0.4605262875556946       0.5052632093429565
  329       0.5263157486915588       0.5052632093429565
  330       0.5921052694320679       0.5052632093429565
  331       0.6578946709632874       0.5052632093429565
  332       0.7236841320991516       0.5052632093429565
  333       0.7894736528396606       0.5052632093429565
  334       0.8552631139755249       0.5052632093429565
  335       0.9210525751113892       0.5052632093429565
  336       0.9868420362472534       0.5052632093429565
  337       1.0526314973831177       0.5052632093429565
  338       1.1184209585189819       0.5052632093429565
  339       1.1842105388641357       0.5052632093429565
  340       1.2499998807907104       0.5052632093429565
  341       0.0000000000000000       0.5368421077728271
  342       0.0657894685864449       0.5368421077728271
  343       0.1315789371728897       0.5368421077728271
  344       0.1973684132099152       0.5368421077728271
  345       0.2631578743457794       0.5368421077728271
  346       0.3289473354816437       0.5368421077728271
  347       0.3947368264198303       0.5368421077728271
  348       0.4605262875556946       0.5368421077728271
  349       0.5263157486915588       0.5368421077728271
  350       0.5921052694320679       0.5368421077728271
  351       0.6578946709632874       0.5368421077728271
  352       0.7236841320991516       0.5368421077728271
  353       0.7894736528396606       0.5368421077728271
  354       0.8552631139755249       0.5368421077728271
  355       0.9210525751113892       0.5368421077728271
  356       0.9868420362472534       0.5368421077728271
  357       1.0526314973831177       0.5368421077728271
  358       1.1184209585189819       0.5368421077728271
  359       1.1842105388641357       0.5368421077728271
  360       1.2499998807907104       0.5368421077728271
  361       0.0000000000000000       0.5684210658073425
  362       0.0657894685864449       0.5684210658073425
  363       0.1315789371728897       0.5684210658073425
  364       0.1973684132099152       0.5684210658073425
  365       0.2631578743457794       0.5684210658073425
  366       0.3289473354816437       0.5684210658073425
  367       0.3947368264198303       0.5684210658073425
  368       0.4605262875556946       0.5684210658073425
  369       0.5263157486915588       0.5684210658073425
  370       0.5921052694320679       0.5684210658073425
  371       0.6578946709632874       0.5684210658073425
  372       0.7236841320991516       0.5684210658073425
  373       0.7894736528396606       0.5684210658073425
  374       0.8552631139755249       0.5684210658073425
  375       0.9210525751113892       0.5684210658073425
  376       0.9868420362472534       0.5684210658073425
  377       1.0526314973831177       0.5684210658073425
  378       1.1184209585189819       0.5684210658073425
  379       1.1842105388641357       0.5684210658073425
  380       1.2499998807907104       0.5684210658073425
  381       0.0000000000000000       0.6000000238418579
  382       0.0657894685864449       0.6000000238418579
  383       0.1315789371728897       0.6000000238418579
  384       0.1973684132099152       0.6000000238418579
  385       0.2631578743457794       0.6000000238418579
  386       0.3289473354816437       0.6000000238418579
  387       0.3947368264198303       0.6000000238418579
  388       0.4605262875556946       0.6000000238418579
  389       0.5263157486915588       0.6000000238418579
  390       0.5921052694320679       0.6000000238418579
  391       0.6578946709632874       0.6000000238418579
  392       0.7236841320991516       0.6000000238418579
  393       0.7894736528396606       0.6000000238418579
  394       0.8552631139755249       0.6000000238418579
  395       0.9210525751113892       0.6000000238418579
  396       0.9868420362472534       0.6000000238418579
  397       1.0526314973831177       0.6000000238418579
  398       1.1184209585189819       0.6000000238418579
  399       1.1842105388641357       0.6000000238418579
  400       1.2499998807907104       0.6000000238418579
    1       0.0000000000000000       0.0000000000000000
    2       0.0000000000000000       0.0000000000000000
    3       0.0000000000000000       0.0000000000000000
    4       0.0000000000000000       0.0000000000000000
    5       0.0000000000000000       0.0000000000000000
    6       0.0000000000000000       0.0000000000000000
    7       0.0000000000000000       0.0000000000000000
    8       0.0000000000000000       0.0000000000000000
    9       0.0000000000000000       0.0000000000000000
   10       0.0000000000000000       0.0000000000000000
   11       0.0000000000000000       0.0000000000000000
   12       0.0000000000000000       0.0000000000000000
   13       0.0000000000000000       0.0000000000000000
   14       0.0000000000000000       0.0000000000000000
   15       0.0000000000000000       0.0000000000000000
   16       0.0000000000000000       0.0000000000000000
   17       0.0000000000000000       0.0000000000000000
   18       0.0000000000000000       0.0000000000000000
   19       0.0000000000000000       0.0000000000000000
   20       0.0000000000000000       0.0000000000000000
   21       0.0252631604671478       0.0000000000000000
   22       0.0252631604671478       0.0000000000000000
   23       0.0252631604671478       0.0000000000000000
   24       0.0252631604671478       0.0000000000000000
   25       0.0252631604671478       0.0000000000000000
   26       0.0252631604671478       0.0000000000000000
   27       0.0252631604671478       0.0000000000000000
   28       0.0252631604671478       0.0000000000000000
   29       0.0252631604671478       0.0000000000000000
   30       0.0252631604671478       0.0000000000000000
   31       0.0252631604671478       0.0000000000000000
   32       0.0252631604671478       0.0000000000000000
   33       0.0252631604671478       0.0000000000000000
   34       0.0252631604671478       0.0000000000000000
   35       0.0252631604671478       0.0000000000000000
   36       0.0252631604671478       0.0000000000000000
   37       0.0252631604671478       0.0000000000000000
   38       0.0252631604671478       0.0000000000000000
   39       0.0252631604671478       0.0000000000000000
   40       0.0252631604671478       0.0000000000000000
   41       0.0505263209342957       0.0000000000000000
   42       0.0505263209342957       0.0000000000000000
   43       0.0505263209342957       0.0000000000000000
   44       0.0505263209342957       0.0000000000000000
   45       0.0505263209342957       0.0000000000000000
   46       0.0505263209342957       0.0000000000000000
   47       0.0505263209342957       0.0000000000000000
   48       0.0505263209342957       0.0000000000000000
   49       0.0505263209342957       0.0000000000000000
   50       0.0505263209342957       0.0000000000000000
   51       0.0505263209342957       0.0000000000000000
   52       0.0505263209342957       0.0000000000000000
   53       0.0505263209342957       0.0000000000000000
   54       0.0505263209342957       0.0000000000000000
   55       0.0505263209342957       0.0000000000000000
   56       0.0505263209342957       0.0000000000000000
   57       0.0505263209342957       0.0000000000000000
   58       0.0505263209342957       0.0000000000000000
   59       0.0505263209342957       0.0000000000000000
   60       0.0505263209342957       0.0000000000000000
   61       0.0757894754409790       0.0000000000000000
   62       0.0757894754409790       0.0000000000000000
   63       0.0757894754409790       0.0000000000000000
   64       0.0757894754409790       0.0000000000000000
   65       0.0757894754409790       0.0000000000000000
   66       0.0757894754409790       0.0000000000000000
   67       0.0757894754409790       0.0000000000000000
   68       0.0757894754409790       0.0000000000000000
   69       0.0757894754409790       0.0000000000000000
   70       0.0757894754409790       0.0000000000000000
   71       0.0757894754409790       0.0000000000000000
   72       0.0757894754409790       0.0000000000000000
   73       0.0757894754409790       0.0000000000000000
   74       0.0757894754409790       0.0000000000000000
   75       0.0757894754409790       0.0000000000000000
   76       0.0757894754409790       0.0000000000000000
   77       0.0757894754409790       0.0000000000000000
   78       0.0757894754409790       0.0000000000000000
   79       0.0757894754409790       0.0000000000000000
   80       0.0757894754409790       0.0000000000000000
   81       0.1010526418685913       0.0000000000000000
   82       0.1010526418685913       0.0000000000000000
   83       0.1010526418685913       0.0000000000000000
   84       0.1010526418685913       0.0000000000000000
   85       0.1010526418685913       0.0000000000000000
   86       0.1010526418685913       0.0000000000000000
   87       0.1010526418685913       0.0000000000000000
   88       0.1010526418685913       0.0000000000000000
   89       0.1010526418685913       0.0000000000000000
   90       0.1010526418685913       0.0000000000000000
   91       0.1010526418685913       0.0000000000000000
   92       0.1010526418685913       0.0000000000000000
   93       0.1010526418685913       0.0000000000000000
   94       0.1010526418685913       0.0000000000000000
   95       0.1010526418685913       0.0000000000000000
   96       0.1010526418685913       0.0000000000000000
   97       0.1010526418685913       0.0000000000000000
   98       0.1010526418685913       0.0000000000000000
   99       0.1010526418685913       0.0000000000000000
  100       0.1010526418685913       0.0000000000000000
  101       0.1263157963752747       0.0000000000000000
  102       0.1263157963752747       0.0000000000000000
  103       0.1263157963752747       0.0000000000000000
  104       0.1263157963752747       0.0000000000000000
  105       0.1263157963752747       0.0000000000000000
  106       0.1263157963752747       0.0000000000000000
  107       0.1263157963752747       0.0000000000000000
  108       0.1263157963752747       0.0000000000000000
  109       0.1263157963752747       0.0000000000000000
  110       0.1263157963752747       0.0000000000000000
  111       0.1263157963752747       0.0000000000000000
  112       0.1263157963752747       0.0000000000000000
  113       0.1263157963752747       0.0000000000000000
  114       0.1263157963752747       0.0000000000000000
  115       0.1263157963752747       0.0000000000000000
  116       0.1263157963752747       0.0000000000000000
  117       0.1263157963752747       0.0000000000000000
  118       0.1263157963752747       0.0000000000000000
  119       0.1263157963752747       0.0000000000000000
  120       0.1263157963752747       0.0000000000000000
  121       0.1515789508819580       0.0000000000000000
  122       0.1515789508819580       0.0000000000000000
  123       0.1515789508819580       0.0000000000000000
  124       0.1515789508819580       0.0000000000000000
  125       0.1515789508819580       0.0000000000000000
  126       0.1515789508819580       0.0000000000000000
  127       0.1515789508819580       0.0000000000000000
  128       0.1515789508819580       0.0000000000000000
  129       0.1515789508819580       0.0000000000000000
  130       0.1515789508819580       0.0000000000000000
  131       0.1515789508819580       0.0000000000000000
  132       0.1515789508819580       0.0000000000000000
  133       0.1515789508819580       0.0000000000000000
  134       0.1515789508819580       0.0000000000000000
  135       0.1515789508819580       0.0000000000000000
  136       0.1515789508819580       0.0000000000000000
  137       0.1515789508819580       0.0000000000000000
  138       0.1515789508819580       0.0000000000000000
  139       0.1515789508819580       0.0000000000000000
  140       0.1515789508819580       0.0000000000000000
  141       0.1768421053886414       0.0000000000000000
  142       0.1768421053886414       0.0000000000000000
  143       0.1768421053886414       0.0000000000000000
  144       0.1768421053886414       0.0000000000000000
  145       0.1768421053886414       0.0000000000000000
  146       0.1768421053886414       0.0000000000000000
  147       0.1768421053886414       0.0000000000000000
  148       0.1768421053886414       0.0000000000000000
  149       0.1768421053886414       0.0000000000000000
  150       0.1768421053886414       0.0000000000000000
  151       0.1768421053886414       0.0000000000000000
  152       0.1768421053886414       0.0000000000000000
  153       0.1768421053886414       0.0000000000000000
  154       0.1768421053886414       0.0000000000000000
  155       0.1768421053886414       0.0000000000000000
  156       0.1768421053886414       0.0000000000000000
  157       0.1768421053886414       0.0000000000000000
  158       0.1768421053886414       0.0000000000000000
  159       0.1768421053886414       0.0000000000000000
  160       0.1768421053886414       0.0000000000000000
  161       0.2021052837371826       0.0000000000000000
  162       0.2021052837371826       0.0000000000000000
  163       0.2021052837371826       0.0000000000000000
  164       0.2021052837371826       0.0000000000000000
  165       0.2021052837371826       0.0000000000000000
  166       0.2021052837371826       0.0000000000000000
  167       0.2021052837371826       0.0000000000000000
  168       0.2021052837371826       0.0000000000000000
  169       0.2021052837371826       0.0000000000000000
  170       0.2021052837371826       0.0000000000000000
  171       0.2021052837371826       0.0000000000000000
  172       0.2021052837371826       0.0000000000000000
  173       0.2021052837371826       0.0000000000000000
  174       0.2021052837371826       0.0000000000000000
  175       0.2021052837371826       0.0000000000000000
  176       0.2021052837371826       0.0000000000000000
  177       0.2021052837371826       0.0000000000000000
  178       0.2021052837371826       0.0000000000000000
  179       0.2021052837371826       0.0000000000000000
  180       0.2021052837371826       0.0000000000000000
  181       0.2273684263229370       0.0000000000000000
  182       0.2273684263229370       0.0000000000000000
  183       0.2273684263229370       0.0000000000000000
  184       0.2273684263229370       0.0000000000000000
  185       0.2273684263229370       0.0000000000000000
  186       0.2273684263229370       0.0000000000000000
  187       0.2273684263229370       0.0000000000000000
  188       0.2273684263229370       0.0000000000000000
  189       0.2273684263229370       0.0000000000000000
  190       0.2273684263229370       0.0000000000000000
  191       0.2273684263229370       0.0000000000000000
  192       0.2273684263229370       0.0000000000000000
  193       0.2273684263229370       0.0000000000000000
  194       0.2273684263229370       0.0000000000000000
  195       0.2273684263229370       0.0000000000000000
  196       0.2273684263229370       0.0000000000000000
  197       0.2273684263229370       0.0000000000000000
  198       0.2273684263229370       0.0000000000000000
  199       0.2273684263229370       0.0000000000000000
  200       0.2273684263229370       0.0000000000000000
  201       0.2526315927505493       0.0000000000000000
  202       0.2526315927505493       0.0000000000000000
  203       0.2526315927505493       0.0000000000000000
  204       0.2526315927505493       0.0000000000000000
  205       0.2526315927505493       0.0000000000000000
  206       0.2526315927505493       0.0000000000000000
  207       0.2526315927505493       0.0000000000000000
  208       0.2526315927505493       0.0000000000000000
  209       0.2526315927505493       0.0000000000000000
  210       0.2526315927505493       0.0000000000000000
  211       0.2526315927505493       0.0000000000000000
  212       0.2526315927505493       0.0000000000000000
  213       0.2526315927505493       0.0000000000000000
  214       0.2526315927505493       0.0000000000000000
  215       0.2526315927505493       0.0000000000000000
  216       0.2526315927505493       0.0000000000000000
  217       0.2526315927505493       0.0000000000000000
  218       0.2526315927505493       0.0000000000000000
  219       0.2526315927505493       0.0000000000000000
  220       0.2526315927505493       0.0000000000000000
  221       0.2778947353363037       0.0000000000000000
  222       0.2778947353363037       0.0000000000000000
  223       0.2778947353363037       0.0000000000000000
  224       0.2778947353363037       0.0000000000000000
  225       0.2778947353363037       0.0000000000000000
  226       0.2778947353363037       0.0000000000000000
  227       0.2778947353363037       0.0000000000000000
  228       0.2778947353363037       0.0000000000000000
  229       0.2778947353363037       0.0000000000000000
  230       0.2778947353363037       0.0000000000000000
  231       0.2778947353363037       0.0000000000000000
  232       0.2778947353363037       0.0000000000000000
  233       0.2778947353363037       0.0000000000000000
  234       0.2778947353363037       0.0000000000000000
  235       0.2778947353363037       0.0000000000000000
  236       0.2778947353363037       0.0000000000000000
  237       0.2778947353363037       0.0000000000000000
  238       0.2778947353363037       0.0000000000000000
  239       0.2778947353363037       0.0000000000000000
  240       0.2778947353363037       0.0000000000000000
  241       0.3031579017639160       0.0000000000000000
  242       0.3031579017639160       0.0000000000000000
  243       0.3031579017639160       0.0000000000000000
  244       0.3031579017639160       0.0000000000000000
  245       0.3031579017639160       0.0000000000000000
  246       0.3031579017639160       0.0000000000000000
  247       0.3031579017639160       0.0000000000000000
  248       0.3031579017639160       0.0000000000000000
  249       0.3031579017639160       0.0000000000000000
  250       0.3031579017639160       0.0000000000000000
  251       0.3031579017639160       0.0000000000000000
  252       0.3031579017639160       0.0000000000000000
  253       0.3031579017639160       0.0000000000000000
  254       0.3031579017639160       0.0000000000000000
  255       0.3031579017639160       0.0000000000000000
  256       0.3031579017639160       0.0000000000000000
  257       0.3031579017639160       0.0000000000000000
  258       0.3031579017639160       0.0000000000000000
  259       0.3031579017639160       0.0000000000000000
  260       0.3031579017639160       0.0000000000000000
  261       0.3284210681915283       0.0000000000000000
  262       0.3284210681915283       0.0000000000000000
  263       0.3284210681915283       0.0000000000000000
  264       0.3284210681915283       0.0000000000000000
  265       0.3284210681915283       0.0000000000000000
  266       0.3284210681915283       0.0000000000000000
  267       0.3284210681915283       0.0000000000000000
  268       0.3284210681915283       0.0000000000000000
  269       0.3284210681915283       0.0000000000000000
  270       0.3284210681915283       0.0000000000000000
  271       0.3284210681915283       0.0000000000000000
  272       0.3284210681915283       0.0000000000000000
  273       0.3284210681915283       0.0000000000000000
  274       0.3284210681915283       0.0000000000000000
  275       0.3284210681915283       0.0000000000000000
  276       0.3284210681915283       0.0000000000000000
  277       0.3284210681915283       0.0000000000000000
  278       0.3284210681915283       0.0000000000000000
  279       0.3284210681915283       0.0000000000000000
  280       0.3284210681915283       0.0000000000000000
  281       0.3536842107772827       0.0000000000000000
  282       0.3536842107772827       0.0000000000000000
  283       0.3536842107772827       0.0000000000000000
  284       0.3536842107772827       0.0000000000000000
  285       0.3536842107772827       0.0000000000000000
  286       0.3536842107772827       0.0000000000000000
  287       0.3536842107772827       0.0000000000000000
  288       0.3536842107772827       0.0000000000000000
  289       0.3536842107772827       0.0000000000000000
  290       0.3536842107772827       0.0000000000000000
  291       0.3536842107772827       0.0000000000000000
  292       0.3536842107772827       0.0000000000000000
  293       0.3536842107772827       0.0000000000000000
  294       0.3536842107772827       0.0000000000000000
  295       0.3536842107772827       0.0000000000000000
  296       0.3536842107772827       0.0000000000000000
  297       0.3536842107772827       0.0000000000000000
  298       0.3536842107772827       0.0000000000000000
  299       0.3536842107772827       0.0000000000000000
  300       0.3536842107772827       0.0000000000000000
  301       0.3789474010467530       0.0000000000000000
  302       0.3789474010467530       0.0000000000000000
  303       0.3789474010467530       0.0000000000000000
  304       0.3789474010467530       0.0000000000000000
  305       0.3789474010467530       0.0000000000000000
  306       0.3789474010467530       0.0000000000000000
  307       0.3789474010467530       0.0000000000000000
  308       0.3789474010467530       0.0000000000000000
  309       0.3789474010467530       0.0000000000000000
  310       0.3789474010467530       0.0000000000000000
  311       0.3789474010467530       0.0000000000000000
  312       0.3789474010467530       0.0000000000000000
  313       0.3789474010467530       0.0000000000000000
  314       0.3789474010467530       0.0000000000000000
  315       0.3789474010467530       0.0000000000000000
  316       0.3789474010467530       0.0000000000000000
  317       0.3789474010467530       0.0000000000000000
  318       0.3789474010467530       0.0000000000000000
  319       0.3789474010467530       0.0000000000000000
  320       0.3789474010467530       0.0000000000000000
  321       0.4042105674743652       0.0000000000000000
  322       0.4042105674743652       0.0000000000000000
  323       0.4042105674743652       0.0000000000000000
  324       0.4042105674743652       0.0000000000000000
  325       0.4042105674743652       0.0000000000000000
  326       0.4042105674743652       0.0000000000000000
  327       0.4042105674743652       0.0000000000000000
  328       0.4042105674743652       0.0000000000000000
  329       0.4042105674743652       0.0000000000000000
  330       0.4042105674743652       0.0000000000000000
  331       0.4042105674743652       0.0000000000000000
  332       0.4042105674743652       0.0000000000000000
  333       0.4042105674743652       0.0000000000000000
  334       0.4042105674743652       0.0000000000000000
  335       0.4042105674743652       0.0000000000000000
  336       0.4042105674743652       0.0000000000000000
  337       0.4042105674743652       0.0000000000000000
  338       0.4042105674743652       0.0000000000000000
  339       0.4042105674743652       0.0000000000000000
  340       0.4042105674743652       0.0000000000000000
  341       0.4294736862182618       0.0000000000000000
  342       0.4294736862182618       0.0000000000000000
  343       0.4294736862182618       0.0000000000000000
  344       0.4294736862182618       0.0000000000000000
  345       0.4294736862182618       0.0000000000000000
  346       0.4294736862182618       0.0000000000000000
  347       0.4294736862182618       0.0000000000000000
  348       0.4294736862182618       0.0000000000000000
  349       0.4294736862182618       0.0000000000000000
  350       0.4294736862182618       0.0000000000000000
  351       0.4294736862182618       0.0000000000000000
  352       0.4294736862182618       0.0000000000000000
  353       0.4294736862182618       0.0000000000000000
  354       0.4294736862182618       0.0000000000000000
  355       0.4294736862182618       0.0000000000000000
  356       0.4294736862182618       0.0000000000000000
  357       0.4294736862182618       0.0000000000000000
  358       0.4294736862182618       0.0000000000000000
  359       0.4294736862182618       0.0000000000000000
  360       0.4294736862182618       0.0000000000000000
  361       0.4547368526458740       0.0000000000000000
  362       0.4547368526458740       0.0000000000000000
  363       0.4547368526458740       0.0000000000000000
  364       0.4547368526458740       0.0000000000000000
  365       0.4547368526458740       0.0000000000000000
  366       0.4547368526458740       0.0000000000000000
  367       0.4547368526458740       0.0000000000000000
  368       0.4547368526458740       0.0000000000000000
  369       0.4547368526458740       0.0000000000000000
  370       0.4547368526458740       0.0000000000000000
  371       0.4547368526458740       0.0000000000000000
  372       0.4547368526458740       0.0000000000000000
  373       0.4547368526458740       0.0000000000000000
  374       0.4547368526458740       0.0000000000000000
  375       0.4547368526458740       0.0000000000000000
  376       0.4547368526458740       0.0000000000000000
  377       0.4547368526458740       0.0000000000000000
  378       0.4547368526458740       0.0000000000000000
  379       0.4547368526458740       0.0000000000000000
  380       0.4547368526458740       0.0000000000000000
  381       0.4800000190734863       0.0000000000000000
  382       0.4800000190734863       0.0000000000000000
  383       0.4800000190734863       0.0000000000000000
  384       0.4800000190734863       0.0000000000000000
  385       0.4800000190734863       0.0000000000000000
  386       0.4800000190734863       0.0000000000000000
  387       0.4800000190734863       0.0000000000000000
  388       0.4800000190734863       0.0000000000000000
  389       0.4800000190734863       0.0000000000000000
  390       0.4800000190734863       0.0000000000000000
  391       0.4800000190734863       0.0000000000000000
  392       0.4800000190734863       0.0000000000000000
  393       0.4800000190734863       0.0000000000000000
  394       0.4800000190734863       0.0000000000000000
  395       0.4800000190734863       0.0000000000000000
  396       0.4800000190734863       0.0000000000000000
  397       0.4800000190734863       0.0000000000000000
  398       0.4800000190734863       0.0000000000000000
  399       0.4800000190734863       0.0000000000000000
  400       0.4800000190734863       0.0000000000000000
