3.000E+00 1.500E+00 0.400E+00 1.250E+00 1.000E+00 1.000E-06 1.000E-02 441       
    1       0.0000000000000000       0.0000000000000000
    2       0.0499999970197678       0.0000000000000000
    3       0.0999999940395355       0.0000000000000000
    4       0.1499999910593033       0.0000000000000000
    5       0.1999999880790710       0.0000000000000000
    6       0.2499999850988388       0.0000000000000000
    7       0.2999999821186066       0.0000000000000000
    8       0.3499999642372131       0.0000000000000000
    9       0.3999999761581421       0.0000000000000000
   10       0.4499999880790710       0.0000000000000000
   11       0.4999999701976776       0.0000000000000000
   12       0.5499999523162842       0.0000000000000000
   13       0.5999999642372131       0.0000000000000000
   14       0.6499999761581421       0.0000000000000000
   15       0.6999999284744263       0.0000000000000000
   16       0.7499999403953552       0.0000000000000000
   17       0.7999999523162842       0.0000000000000000
   18       0.8499999642372131       0.0000000000000000
   19       0.8999999761581421       0.0000000000000000
   20       0.9499999284744263       0.0000000000000000
   21       1.0000000000000000       0.0000000000000000
   22       0.0000000000000000       0.0500000007450581
   23       0.0499999970197678       0.0500000007450581
   24       0.0999999940395355       0.0500000007450581
   25       0.1499999910593033       0.0500000007450581
   26       0.1999999880790710       0.0500000007450581
   27       0.2499999850988388       0.0500000007450581
   28       0.2999999821186066       0.0500000007450581
   29       0.3499999642372131       0.0500000007450581
   30       0.3999999761581421       0.0500000007450581
   31       0.4499999880790710       0.0500000007450581
   32       0.4999999701976776       0.0500000007450581
   33       0.5499999523162842       0.0500000007450581
   34       0.5999999642372131       0.0500000007450581
   35       0.6499999761581421       0.0500000007450581
   36       0.6999999284744263       0.0500000007450581
   37       0.7499999403953552       0.0500000007450581
   38       0.7999999523162842       0.0500000007450581
   39       0.8499999642372131       0.0500000007450581
   40       0.8999999761581421       0.0500000007450581
   41       0.9499999284744263       0.0500000007450581
   42       1.0000000000000000       0.0500000007450581
   43       0.0000000000000000       0.1000000014901161
   44       0.0499999970197678       0.1000000014901161
   45       0.0999999940395355       0.1000000014901161
   46       0.1499999910593033       0.1000000014901161
   47       0.1999999880790710       0.1000000014901161
   48       0.2499999850988388       0.1000000014901161
   49       0.2999999821186066       0.1000000014901161
   50       0.3499999642372131       0.1000000014901161
   51       0.3999999761581421       0.1000000014901161
   52       0.4499999880790710       0.1000000014901161
   53       0.4999999701976776       0.1000000014901161
   54       0.5499999523162842       0.1000000014901161
   55       0.5999999642372131       0.1000000014901161
   56       0.6499999761581421       0.1000000014901161
   57       0.6999999284744263       0.1000000014901161
   58       0.7499999403953552       0.1000000014901161
   59       0.7999999523162842       0.1000000014901161
   60       0.8499999642372131       0.1000000014901161
   61       0.8999999761581421       0.1000000014901161
   62       0.9499999284744263       0.1000000014901161
   63       1.0000000000000000       0.1000000014901161
   64       0.0000000000000000       0.1500000059604645
   65       0.0499999970197678       0.1500000059604645
   66       0.0999999940395355       0.1500000059604645
   67       0.1499999910593033       0.1500000059604645
   68       0.1999999880790710       0.1500000059604645
   69       0.2499999850988388       0.1500000059604645
   70       0.2999999821186066       0.1500000059604645
   71       0.3499999642372131       0.1500000059604645
   72       0.3999999761581421       0.1500000059604645
   73       0.4499999880790710       0.1500000059604645
   74       0.4999999701976776       0.1500000059604645
   75       0.5499999523162842       0.1500000059604645
   76       0.5999999642372131       0.1500000059604645
   77       0.6499999761581421       0.1500000059604645
   78       0.6999999284744263       0.1500000059604645
   79       0.7499999403953552       0.1500000059604645
   80       0.7999999523162842       0.1500000059604645
   81       0.8499999642372131       0.1500000059604645
   82       0.8999999761581421       0.1500000059604645
   83       0.9499999284744263       0.1500000059604645
   84       1.0000000000000000       0.1500000059604645
   85       0.0000000000000000       0.2000000029802322
   86       0.0499999970197678       0.2000000029802322
   87       0.0999999940395355       0.2000000029802322
   88       0.1499999910593033       0.2000000029802322
   89       0.1999999880790710       0.2000000029802322
   90       0.2499999850988388       0.2000000029802322
   91       0.2999999821186066       0.2000000029802322
   92       0.3499999642372131       0.2000000029802322
   93       0.3999999761581421       0.2000000029802322
   94       0.4499999880790710       0.2000000029802322
   95       0.4999999701976776       0.2000000029802322
   96       0.5499999523162842       0.2000000029802322
   97       0.5999999642372131       0.2000000029802322
   98       0.6499999761581421       0.2000000029802322
   99       0.6999999284744263       0.2000000029802322
  100       0.7499999403953552       0.2000000029802322
  101       0.7999999523162842       0.2000000029802322
  102       0.8499999642372131       0.2000000029802322
  103       0.8999999761581421       0.2000000029802322
  104       0.9499999284744263       0.2000000029802322
  105       1.0000000000000000       0.2000000029802322
  106       0.0000000000000000       0.2500000000000000
  107       0.0499999970197678       0.2500000000000000
  108       0.0999999940395355       0.2500000000000000
  109       0.1499999910593033       0.2500000000000000
  110       0.1999999880790710       0.2500000000000000
  111       0.2499999850988388       0.2500000000000000
  112       0.2999999821186066       0.2500000000000000
  113       0.3499999642372131       0.2500000000000000
  114       0.3999999761581421       0.2500000000000000
  115       0.4499999880790710       0.2500000000000000
  116       0.4999999701976776       0.2500000000000000
  117       0.5499999523162842       0.2500000000000000
  118       0.5999999642372131       0.2500000000000000
  119       0.6499999761581421       0.2500000000000000
  120       0.6999999284744263       0.2500000000000000
  121       0.7499999403953552       0.2500000000000000
  122       0.7999999523162842       0.2500000000000000
  123       0.8499999642372131       0.2500000000000000
  124       0.8999999761581421       0.2500000000000000
  125       0.9499999284744263       0.2500000000000000
  126       1.0000000000000000       0.2500000000000000
  127       0.0000000000000000       0.3000000119209290
  128       0.0499999970197678       0.3000000119209290
  129       0.0999999940395355       0.3000000119209290
  130       0.1499999910593033       0.3000000119209290
  131       0.1999999880790710       0.3000000119209290
  132       0.2499999850988388       0.3000000119209290
  133       0.2999999821186066       0.3000000119209290
  134       0.3499999642372131       0.3000000119209290
  135       0.3999999761581421       0.3000000119209290
  136       0.4499999880790710       0.3000000119209290
  137       0.4999999701976776       0.3000000119209290
  138       0.5499999523162842       0.3000000119209290
  139       0.5999999642372131       0.3000000119209290
  140       0.6499999761581421       0.3000000119209290
  141       0.6999999284744263       0.3000000119209290
  142       0.7499999403953552       0.3000000119209290
  143       0.7999999523162842       0.3000000119209290
  144       0.8499999642372131       0.3000000119209290
  145       0.8999999761581421       0.3000000119209290
  146       0.9499999284744263       0.3000000119209290
  147       1.0000000000000000       0.3000000119209290
  148       0.0000000000000000       0.3499999940395355
  149       0.0499999970197678       0.3499999940395355
  150       0.0999999940395355       0.3499999940395355
  151       0.1499999910593033       0.3499999940395355
  152       0.1999999880790710       0.3499999940395355
  153       0.2499999850988388       0.3499999940395355
  154       0.2999999821186066       0.3499999940395355
  155       0.3499999642372131       0.3499999940395355
  156       0.3999999761581421       0.3499999940395355
  157       0.4499999880790710       0.3499999940395355
  158       0.4999999701976776       0.3499999940395355
  159       0.5499999523162842       0.3499999940395355
  160       0.5999999642372131       0.3499999940395355
  161       0.6499999761581421       0.3499999940395355
  162       0.6999999284744263       0.3499999940395355
  163       0.7499999403953552       0.3499999940395355
  164       0.7999999523162842       0.3499999940395355
  165       0.8499999642372131       0.3499999940395355
  166       0.8999999761581421       0.3499999940395355
  167       0.9499999284744263       0.3499999940395355
  168       1.0000000000000000       0.3499999940395355
  169       0.0000000000000000       0.4000000059604645
  170       0.0499999970197678       0.4000000059604645
  171       0.0999999940395355       0.4000000059604645
  172       0.1499999910593033       0.4000000059604645
  173       0.1999999880790710       0.4000000059604645
  174       0.2499999850988388       0.4000000059604645
  175       0.2999999821186066       0.4000000059604645
  176       0.3499999642372131       0.4000000059604645
  177       0.3999999761581421       0.4000000059604645
  178       0.4499999880790710       0.4000000059604645
  179       0.4999999701976776       0.4000000059604645
  180       0.5499999523162842       0.4000000059604645
  181       0.5999999642372131       0.4000000059604645
  182       0.6499999761581421       0.4000000059604645
  183       0.6999999284744263       0.4000000059604645
  184       0.7499999403953552       0.4000000059604645
  185       0.7999999523162842       0.4000000059604645
  186       0.8499999642372131       0.4000000059604645
  187       0.8999999761581421       0.4000000059604645
  188       0.9499999284744263       0.4000000059604645
  189       1.0000000000000000       0.4000000059604645
  190       0.0000000000000000       0.4499999880790710
  191       0.0499999970197678       0.4499999880790710
  192       0.0999999940395355       0.4499999880790710
  193       0.1499999910593033       0.4499999880790710
  194       0.1999999880790710       0.4499999880790710
  195       0.2499999850988388       0.4499999880790710
  196       0.2999999821186066       0.4499999880790710
  197       0.3499999642372131       0.4499999880790710
  198       0.3999999761581421       0.4499999880790710
  199       0.4499999880790710       0.4499999880790710
  200       0.4999999701976776       0.4499999880790710
  201       0.5499999523162842       0.4499999880790710
  202       0.5999999642372131       0.4499999880790710
  203       0.6499999761581421       0.4499999880790710
  204       0.6999999284744263       0.4499999880790710
  205       0.7499999403953552       0.4499999880790710
  206       0.7999999523162842       0.4499999880790710
  207       0.8499999642372131       0.4499999880790710
  208       0.8999999761581421       0.4499999880790710
  209       0.9499999284744263       0.4499999880790710
  210       1.0000000000000000       0.4499999880790710
  211       0.0000000000000000       0.5000000000000000
  212       0.0499999970197678       0.5000000000000000
  213       0.0999999940395355       0.5000000000000000
  214       0.1499999910593033       0.5000000000000000
  215       0.1999999880790710       0.5000000000000000
  216       0.2499999850988388       0.5000000000000000
  217       0.2999999821186066       0.5000000000000000
  218       0.3499999642372131       0.5000000000000000
  219       0.3999999761581421       0.5000000000000000
  220       0.4499999880790710       0.5000000000000000
  221       0.4999999701976776       0.5000000000000000
  222       0.5499999523162842       0.5000000000000000
  223       0.5999999642372131       0.5000000000000000
  224       0.6499999761581421       0.5000000000000000
  225       0.6999999284744263       0.5000000000000000
  226       0.7499999403953552       0.5000000000000000
  227       0.7999999523162842       0.5000000000000000
  228       0.8499999642372131       0.5000000000000000
  229       0.8999999761581421       0.5000000000000000
  230       0.9499999284744263       0.5000000000000000
  231       1.0000000000000000       0.5000000000000000
  232       0.0000000000000000       0.5500000119209290
  233       0.0499999970197678       0.5500000119209290
  234       0.0999999940395355       0.5500000119209290
  235       0.1499999910593033       0.5500000119209290
  236       0.1999999880790710       0.5500000119209290
  237       0.2499999850988388       0.5500000119209290
  238       0.2999999821186066       0.5500000119209290
  239       0.3499999642372131       0.5500000119209290
  240       0.3999999761581421       0.5500000119209290
  241       0.4499999880790710       0.5500000119209290
  242       0.4999999701976776       0.5500000119209290
  243       0.5499999523162842       0.5500000119209290
  244       0.5999999642372131       0.5500000119209290
  245       0.6499999761581421       0.5500000119209290
  246       0.6999999284744263       0.5500000119209290
  247       0.7499999403953552       0.5500000119209290
  248       0.7999999523162842       0.5500000119209290
  249       0.8499999642372131       0.5500000119209290
  250       0.8999999761581421       0.5500000119209290
  251       0.9499999284744263       0.5500000119209290
  252       1.0000000000000000       0.5500000119209290
  253       0.0000000000000000       0.6000000238418579
  254       0.0499999970197678       0.6000000238418579
  255       0.0999999940395355       0.6000000238418579
  256       0.1499999910593033       0.6000000238418579
  257       0.1999999880790710       0.6000000238418579
  258       0.2499999850988388       0.6000000238418579
  259       0.2999999821186066       0.6000000238418579
  260       0.3499999642372131       0.6000000238418579
  261       0.3999999761581421       0.6000000238418579
  262       0.4499999880790710       0.6000000238418579
  263       0.4999999701976776       0.6000000238418579
  264       0.5499999523162842       0.6000000238418579
  265       0.5999999642372131       0.6000000238418579
  266       0.6499999761581421       0.6000000238418579
  267       0.6999999284744263       0.6000000238418579
  268       0.7499999403953552       0.6000000238418579
  269       0.7999999523162842       0.6000000238418579
  270       0.8499999642372131       0.6000000238418579
  271       0.8999999761581421       0.6000000238418579
  272       0.9499999284744263       0.6000000238418579
  273       1.0000000000000000       0.6000000238418579
  274       0.0000000000000000       0.6499999761581421
  275       0.0499999970197678       0.6499999761581421
  276       0.0999999940395355       0.6499999761581421
  277       0.1499999910593033       0.6499999761581421
  278       0.1999999880790710       0.6499999761581421
  279       0.2499999850988388       0.6499999761581421
  280       0.2999999821186066       0.6499999761581421
  281       0.3499999642372131       0.6499999761581421
  282       0.3999999761581421       0.6499999761581421
  283       0.4499999880790710       0.6499999761581421
  284       0.4999999701976776       0.6499999761581421
  285       0.5499999523162842       0.6499999761581421
  286       0.5999999642372131       0.6499999761581421
  287       0.6499999761581421       0.6499999761581421
  288       0.6999999284744263       0.6499999761581421
  289       0.7499999403953552       0.6499999761581421
  290       0.7999999523162842       0.6499999761581421
  291       0.8499999642372131       0.6499999761581421
  292       0.8999999761581421       0.6499999761581421
  293       0.9499999284744263       0.6499999761581421
  294       1.0000000000000000       0.6499999761581421
  295       0.0000000000000000       0.6999999880790710
  296       0.0499999970197678       0.6999999880790710
  297       0.0999999940395355       0.6999999880790710
  298       0.1499999910593033       0.6999999880790710
  299       0.1999999880790710       0.6999999880790710
  300       0.2499999850988388       0.6999999880790710
  301       0.2999999821186066       0.6999999880790710
  302       0.3499999642372131       0.6999999880790710
  303       0.3999999761581421       0.6999999880790710
  304       0.4499999880790710       0.6999999880790710
  305       0.4999999701976776       0.6999999880790710
  306       0.5499999523162842       0.6999999880790710
  307       0.5999999642372131       0.6999999880790710
  308       0.6499999761581421       0.6999999880790710
  309       0.6999999284744263       0.6999999880790710
  310       0.7499999403953552       0.6999999880790710
  311       0.7999999523162842       0.6999999880790710
  312       0.8499999642372131       0.6999999880790710
  313       0.8999999761581421       0.6999999880790710
  314       0.9499999284744263       0.6999999880790710
  315       1.0000000000000000       0.6999999880790710
  316       0.0000000000000000       0.7500000000000000
  317       0.0499999970197678       0.7500000000000000
  318       0.0999999940395355       0.7500000000000000
  319       0.1499999910593033       0.7500000000000000
  320       0.1999999880790710       0.7500000000000000
  321       0.2499999850988388       0.7500000000000000
  322       0.2999999821186066       0.7500000000000000
  323       0.3499999642372131       0.7500000000000000
  324       0.3999999761581421       0.7500000000000000
  325       0.4499999880790710       0.7500000000000000
  326       0.4999999701976776       0.7500000000000000
  327       0.5499999523162842       0.7500000000000000
  328       0.5999999642372131       0.7500000000000000
  329       0.6499999761581421       0.7500000000000000
  330       0.6999999284744263       0.7500000000000000
  331       0.7499999403953552       0.7500000000000000
  332       0.7999999523162842       0.7500000000000000
  333       0.8499999642372131       0.7500000000000000
  334       0.8999999761581421       0.7500000000000000
  335       0.9499999284744263       0.7500000000000000
  336       1.0000000000000000       0.7500000000000000
  337       0.0000000000000000       0.8000000119209290
  338       0.0499999970197678       0.8000000119209290
  339       0.0999999940395355       0.8000000119209290
  340       0.1499999910593033       0.8000000119209290
  341       0.1999999880790710       0.8000000119209290
  342       0.2499999850988388       0.8000000119209290
  343       0.2999999821186066       0.8000000119209290
  344       0.3499999642372131       0.8000000119209290
  345       0.3999999761581421       0.8000000119209290
  346       0.4499999880790710       0.8000000119209290
  347       0.4999999701976776       0.8000000119209290
  348       0.5499999523162842       0.8000000119209290
  349       0.5999999642372131       0.8000000119209290
  350       0.6499999761581421       0.8000000119209290
  351       0.6999999284744263       0.8000000119209290
  352       0.7499999403953552       0.8000000119209290
  353       0.7999999523162842       0.8000000119209290
  354       0.8499999642372131       0.8000000119209290
  355       0.8999999761581421       0.8000000119209290
  356       0.9499999284744263       0.8000000119209290
  357       1.0000000000000000       0.8000000119209290
  358       0.0000000000000000       0.8500000238418579
  359       0.0499999970197678       0.8500000238418579
  360       0.0999999940395355       0.8500000238418579
  361       0.1499999910593033       0.8500000238418579
  362       0.1999999880790710       0.8500000238418579
  363       0.2499999850988388       0.8500000238418579
  364       0.2999999821186066       0.8500000238418579
  365       0.3499999642372131       0.8500000238418579
  366       0.3999999761581421       0.8500000238418579
  367       0.4499999880790710       0.8500000238418579
  368       0.4999999701976776       0.8500000238418579
  369       0.5499999523162842       0.8500000238418579
  370       0.5999999642372131       0.8500000238418579
  371       0.6499999761581421       0.8500000238418579
  372       0.6999999284744263       0.8500000238418579
  373       0.7499999403953552       0.8500000238418579
  374       0.7999999523162842       0.8500000238418579
  375       0.8499999642372131       0.8500000238418579
  376       0.8999999761581421       0.8500000238418579
  377       0.9499999284744263       0.8500000238418579
  378       1.0000000000000000       0.8500000238418579
  379       0.0000000000000000       0.8999999761581421
  380       0.0499999970197678       0.8999999761581421
  381       0.0999999940395355       0.8999999761581421
  382       0.1499999910593033       0.8999999761581421
  383       0.1999999880790710       0.8999999761581421
  384       0.2499999850988388       0.8999999761581421
  385       0.2999999821186066       0.8999999761581421
  386       0.3499999642372131       0.8999999761581421
  387       0.3999999761581421       0.8999999761581421
  388       0.4499999880790710       0.8999999761581421
  389       0.4999999701976776       0.8999999761581421
  390       0.5499999523162842       0.8999999761581421
  391       0.5999999642372131       0.8999999761581421
  392       0.6499999761581421       0.8999999761581421
  393       0.6999999284744263       0.8999999761581421
  394       0.7499999403953552       0.8999999761581421
  395       0.7999999523162842       0.8999999761581421
  396       0.8499999642372131       0.8999999761581421
  397       0.8999999761581421       0.8999999761581421
  398       0.9499999284744263       0.8999999761581421
  399       1.0000000000000000       0.8999999761581421
  400       0.0000000000000000       0.9499999880790710
  401       0.0499999970197678       0.9499999880790710
  402       0.0999999940395355       0.9499999880790710
  403       0.1499999910593033       0.9499999880790710
  404       0.1999999880790710       0.9499999880790710
  405       0.2499999850988388       0.9499999880790710
  406       0.2999999821186066       0.9499999880790710
  407       0.3499999642372131       0.9499999880790710
  408       0.3999999761581421       0.9499999880790710
  409       0.4499999880790710       0.9499999880790710
  410       0.4999999701976776       0.9499999880790710
  411       0.5499999523162842       0.9499999880790710
  412       0.5999999642372131       0.9499999880790710
  413       0.6499999761581421       0.9499999880790710
  414       0.6999999284744263       0.9499999880790710
  415       0.7499999403953552       0.9499999880790710
  416       0.7999999523162842       0.9499999880790710
  417       0.8499999642372131       0.9499999880790710
  418       0.8999999761581421       0.9499999880790710
  419       0.9499999284744263       0.9499999880790710
  420       1.0000000000000000       0.9499999880790710
  421       0.0000000000000000       1.0000000000000000
  422       0.0499999970197678       1.0000000000000000
  423       0.0999999940395355       1.0000000000000000
  424       0.1499999910593033       1.0000000000000000
  425       0.1999999880790710       1.0000000000000000
  426       0.2499999850988388       1.0000000000000000
  427       0.2999999821186066       1.0000000000000000
  428       0.3499999642372131       1.0000000000000000
  429       0.3999999761581421       1.0000000000000000
  430       0.4499999880790710       1.0000000000000000
  431       0.4999999701976776       1.0000000000000000
  432       0.5499999523162842       1.0000000000000000
  433       0.5999999642372131       1.0000000000000000
  434       0.6499999761581421       1.0000000000000000
  435       0.6999999284744263       1.0000000000000000
  436       0.7499999403953552       1.0000000000000000
  437       0.7999999523162842       1.0000000000000000
  438       0.8499999642372131       1.0000000000000000
  439       0.8999999761581421       1.0000000000000000
  440       0.9499999284744263       1.0000000000000000
  441       1.0000000000000000       1.0000000000000000
    1       0.0000000000000000       0.0000000000000000
    2       0.0000000000000000       0.0000000000000000
    3       0.0000000000000000       0.0000000000000000
    4       0.0000000000000000       0.0000000000000000
    5       0.0000000000000000       0.0000000000000000
    6       0.0000000000000000       0.0000000000000000
    7       0.0000000000000000       0.0000000000000000
    8       0.0000000000000000       0.0000000000000000
    9       0.0000000000000000       0.0000000000000000
   10       0.0000000000000000       0.0000000000000000
   11       0.0000000000000000       0.0000000000000000
   12       0.0000000000000000       0.0000000000000000
   13       0.0000000000000000       0.0000000000000000
   14       0.0000000000000000       0.0000000000000000
   15       0.0000000000000000       0.0000000000000000
   16       0.0000000000000000       0.0000000000000000
   17       0.0000000000000000       0.0000000000000000
   18       0.0000000000000000       0.0000000000000000
   19       0.0000000000000000       0.0000000000000000
   20       0.0000000000000000       0.0000000000000000
   21       0.0000000000000000       0.0000000000000000
   22       0.0400000005960464       0.0000000000000000
   23       0.0400000005960464       0.0000000000000000
   24       0.0400000005960464       0.0000000000000000
   25       0.0400000005960464       0.0000000000000000
   26       0.0400000005960464       0.0000000000000000
   27       0.0400000005960464       0.0000000000000000
   28       0.0400000005960464       0.0000000000000000
   29       0.0400000005960464       0.0000000000000000
   30       0.0400000005960464       0.0000000000000000
   31       0.0400000005960464       0.0000000000000000
   32       0.0400000005960464       0.0000000000000000
   33       0.0400000005960464       0.0000000000000000
   34       0.0400000005960464       0.0000000000000000
   35       0.0400000005960464       0.0000000000000000
   36       0.0400000005960464       0.0000000000000000
   37       0.0400000005960464       0.0000000000000000
   38       0.0400000005960464       0.0000000000000000
   39       0.0400000005960464       0.0000000000000000
   40       0.0400000005960464       0.0000000000000000
   41       0.0400000005960464       0.0000000000000000
   42       0.0400000005960464       0.0000000000000000
   43       0.0800000011920929       0.0000000000000000
   44       0.0800000011920929       0.0000000000000000
   45       0.0800000011920929       0.0000000000000000
   46       0.0800000011920929       0.0000000000000000
   47       0.0800000011920929       0.0000000000000000
   48       0.0800000011920929       0.0000000000000000
   49       0.0800000011920929       0.0000000000000000
   50       0.0800000011920929       0.0000000000000000
   51       0.0800000011920929       0.0000000000000000
   52       0.0800000011920929       0.0000000000000000
   53       0.0800000011920929       0.0000000000000000
   54       0.0800000011920929       0.0000000000000000
   55       0.0800000011920929       0.0000000000000000
   56       0.0800000011920929       0.0000000000000000
   57       0.0800000011920929       0.0000000000000000
   58       0.0800000011920929       0.0000000000000000
   59       0.0800000011920929       0.0000000000000000
   60       0.0800000011920929       0.0000000000000000
   61       0.0800000011920929       0.0000000000000000
   62       0.0800000011920929       0.0000000000000000
   63       0.0800000011920929       0.0000000000000000
   64       0.1200000047683716       0.0000000000000000
   65       0.1200000047683716       0.0000000000000000
   66       0.1200000047683716       0.0000000000000000
   67       0.1200000047683716       0.0000000000000000
   68       0.1200000047683716       0.0000000000000000
   69       0.1200000047683716       0.0000000000000000
   70       0.1200000047683716       0.0000000000000000
   71       0.1200000047683716       0.0000000000000000
   72       0.1200000047683716       0.0000000000000000
   73       0.1200000047683716       0.0000000000000000
   74       0.1200000047683716       0.0000000000000000
   75       0.1200000047683716       0.0000000000000000
   76       0.1200000047683716       0.0000000000000000
   77       0.1200000047683716       0.0000000000000000
   78       0.1200000047683716       0.0000000000000000
   79       0.1200000047683716       0.0000000000000000
   80       0.1200000047683716       0.0000000000000000
   81       0.1200000047683716       0.0000000000000000
   82       0.1200000047683716       0.0000000000000000
   83       0.1200000047683716       0.0000000000000000
   84       0.1200000047683716       0.0000000000000000
   85       0.1600000023841858       0.0000000000000000
   86       0.1600000023841858       0.0000000000000000
   87       0.1600000023841858       0.0000000000000000
   88       0.1600000023841858       0.0000000000000000
   89       0.1600000023841858       0.0000000000000000
   90       0.1600000023841858       0.0000000000000000
   91       0.1600000023841858       0.0000000000000000
   92       0.1600000023841858       0.0000000000000000
   93       0.1600000023841858       0.0000000000000000
   94       0.1600000023841858       0.0000000000000000
   95       0.1600000023841858       0.0000000000000000
   96       0.1600000023841858       0.0000000000000000
   97       0.1600000023841858       0.0000000000000000
   98       0.1600000023841858       0.0000000000000000
   99       0.1600000023841858       0.0000000000000000
  100       0.1600000023841858       0.0000000000000000
  101       0.1600000023841858       0.0000000000000000
  102       0.1600000023841858       0.0000000000000000
  103       0.1600000023841858       0.0000000000000000
  104       0.1600000023841858       0.0000000000000000
  105       0.1600000023841858       0.0000000000000000
  106       0.2000000000000000       0.0000000000000000
  107       0.2000000000000000       0.0000000000000000
  108       0.2000000000000000       0.0000000000000000
  109       0.2000000000000000       0.0000000000000000
  110       0.2000000000000000       0.0000000000000000
  111       0.2000000000000000       0.0000000000000000
  112       0.2000000000000000       0.0000000000000000
  113       0.2000000000000000       0.0000000000000000
  114       0.2000000000000000       0.0000000000000000
  115       0.2000000000000000       0.0000000000000000
  116       0.2000000000000000       0.0000000000000000
  117       0.2000000000000000       0.0000000000000000
  118       0.2000000000000000       0.0000000000000000
  119       0.2000000000000000       0.0000000000000000
  120       0.2000000000000000       0.0000000000000000
  121       0.2000000000000000       0.0000000000000000
  122       0.2000000000000000       0.0000000000000000
  123       0.2000000000000000       0.0000000000000000
  124       0.2000000000000000       0.0000000000000000
  125       0.2000000000000000       0.0000000000000000
  126       0.2000000000000000       0.0000000000000000
  127       0.2400000095367432       0.0000000000000000
  128       0.2400000095367432       0.0000000000000000
  129       0.2400000095367432       0.0000000000000000
  130       0.2400000095367432       0.0000000000000000
  131       0.2400000095367432       0.0000000000000000
  132       0.2400000095367432       0.0000000000000000
  133       0.2400000095367432       0.0000000000000000
  134       0.2400000095367432       0.0000000000000000
  135       0.2400000095367432       0.0000000000000000
  136       0.2400000095367432       0.0000000000000000
  137       0.2400000095367432       0.0000000000000000
  138       0.2400000095367432       0.0000000000000000
  139       0.2400000095367432       0.0000000000000000
  140       0.2400000095367432       0.0000000000000000
  141       0.2400000095367432       0.0000000000000000
  142       0.2400000095367432       0.0000000000000000
  143       0.2400000095367432       0.0000000000000000
  144       0.2400000095367432       0.0000000000000000
  145       0.2400000095367432       0.0000000000000000
  146       0.2400000095367432       0.0000000000000000
  147       0.2400000095367432       0.0000000000000000
  148       0.2799999952316284       0.0000000000000000
  149       0.2799999952316284       0.0000000000000000
  150       0.2799999952316284       0.0000000000000000
  151       0.2799999952316284       0.0000000000000000
  152       0.2799999952316284       0.0000000000000000
  153       0.2799999952316284       0.0000000000000000
  154       0.2799999952316284       0.0000000000000000
  155       0.2799999952316284       0.0000000000000000
  156       0.2799999952316284       0.0000000000000000
  157       0.2799999952316284       0.0000000000000000
  158       0.2799999952316284       0.0000000000000000
  159       0.2799999952316284       0.0000000000000000
  160       0.2799999952316284       0.0000000000000000
  161       0.2799999952316284       0.0000000000000000
  162       0.2799999952316284       0.0000000000000000
  163       0.2799999952316284       0.0000000000000000
  164       0.2799999952316284       0.0000000000000000
  165       0.2799999952316284       0.0000000000000000
  166       0.2799999952316284       0.0000000000000000
  167       0.2799999952316284       0.0000000000000000
  168       0.2799999952316284       0.0000000000000000
  169       0.3200000047683716       0.0000000000000000
  170       0.3200000047683716       0.0000000000000000
  171       0.3200000047683716       0.0000000000000000
  172       0.3200000047683716       0.0000000000000000
  173       0.3200000047683716       0.0000000000000000
  174       0.3200000047683716       0.0000000000000000
  175       0.3200000047683716       0.0000000000000000
  176       0.3200000047683716       0.0000000000000000
  177       0.3200000047683716       0.0000000000000000
  178       0.3200000047683716       0.0000000000000000
  179       0.3200000047683716       0.0000000000000000
  180       0.3200000047683716       0.0000000000000000
  181       0.3200000047683716       0.0000000000000000
  182       0.3200000047683716       0.0000000000000000
  183       0.3200000047683716       0.0000000000000000
  184       0.3200000047683716       0.0000000000000000
  185       0.3200000047683716       0.0000000000000000
  186       0.3200000047683716       0.0000000000000000
  187       0.3200000047683716       0.0000000000000000
  188       0.3200000047683716       0.0000000000000000
  189       0.3200000047683716       0.0000000000000000
  190       0.3599999904632569       0.0000000000000000
  191       0.3599999904632569       0.0000000000000000
  192       0.3599999904632569       0.0000000000000000
  193       0.3599999904632569       0.0000000000000000
  194       0.3599999904632569       0.0000000000000000
  195       0.3599999904632569       0.0000000000000000
  196       0.3599999904632569       0.0000000000000000
  197       0.3599999904632569       0.0000000000000000
  198       0.3599999904632569       0.0000000000000000
  199       0.3599999904632569       0.0000000000000000
  200       0.3599999904632569       0.0000000000000000
  201       0.3599999904632569       0.0000000000000000
  202       0.3599999904632569       0.0000000000000000
  203       0.3599999904632569       0.0000000000000000
  204       0.3599999904632569       0.0000000000000000
  205       0.3599999904632569       0.0000000000000000
  206       0.3599999904632569       0.0000000000000000
  207       0.3599999904632569       0.0000000000000000
  208       0.3599999904632569       0.0000000000000000
  209       0.3599999904632569       0.0000000000000000
  210       0.3599999904632569       0.0000000000000000
  211       0.4000000000000000       0.0000000000000000
  212       0.4000000000000000       0.0000000000000000
  213       0.4000000000000000       0.0000000000000000
  214       0.4000000000000000       0.0000000000000000
  215       0.4000000000000000       0.0000000000000000
  216       0.4000000000000000       0.0000000000000000
  217       0.4000000000000000       0.0000000000000000
  218       0.4000000000000000       0.0000000000000000
  219       0.4000000000000000       0.0000000000000000
  220       0.4000000000000000       0.0000000000000000
  221       0.4000000000000000       0.0000000000000000
  222       0.4000000000000000       0.0000000000000000
  223       0.4000000000000000       0.0000000000000000
  224       0.4000000000000000       0.0000000000000000
  225       0.4000000000000000       0.0000000000000000
  226       0.4000000000000000       0.0000000000000000
  227       0.4000000000000000       0.0000000000000000
  228       0.4000000000000000       0.0000000000000000
  229       0.4000000000000000       0.0000000000000000
  230       0.4000000000000000       0.0000000000000000
  231       0.4000000000000000       0.0000000000000000
  232       0.4400000095367432       0.0000000000000000
  233       0.4400000095367432       0.0000000000000000
  234       0.4400000095367432       0.0000000000000000
  235       0.4400000095367432       0.0000000000000000
  236       0.4400000095367432       0.0000000000000000
  237       0.4400000095367432       0.0000000000000000
  238       0.4400000095367432       0.0000000000000000
  239       0.4400000095367432       0.0000000000000000
  240       0.4400000095367432       0.0000000000000000
  241       0.4400000095367432       0.0000000000000000
  242       0.4400000095367432       0.0000000000000000
  243       0.4400000095367432       0.0000000000000000
  244       0.4400000095367432       0.0000000000000000
  245       0.4400000095367432       0.0000000000000000
  246       0.4400000095367432       0.0000000000000000
  247       0.4400000095367432       0.0000000000000000
  248       0.4400000095367432       0.0000000000000000
  249       0.4400000095367432       0.0000000000000000
  250       0.4400000095367432       0.0000000000000000
  251       0.4400000095367432       0.0000000000000000
  252       0.4400000095367432       0.0000000000000000
  253       0.4800000190734863       0.0000000000000000
  254       0.4800000190734863       0.0000000000000000
  255       0.4800000190734863       0.0000000000000000
  256       0.4800000190734863       0.0000000000000000
  257       0.4800000190734863       0.0000000000000000
  258       0.4800000190734863       0.0000000000000000
  259       0.4800000190734863       0.0000000000000000
  260       0.4800000190734863       0.0000000000000000
  261       0.4800000190734863       0.0000000000000000
  262       0.4800000190734863       0.0000000000000000
  263       0.4800000190734863       0.0000000000000000
  264       0.4800000190734863       0.0000000000000000
  265       0.4800000190734863       0.0000000000000000
  266       0.4800000190734863       0.0000000000000000
  267       0.4800000190734863       0.0000000000000000
  268       0.4800000190734863       0.0000000000000000
  269       0.4800000190734863       0.0000000000000000
  270       0.4800000190734863       0.0000000000000000
  271       0.4800000190734863       0.0000000000000000
  272       0.4800000190734863       0.0000000000000000
  273       0.4800000190734863       0.0000000000000000
  274       0.5199999809265137       0.0000000000000000
  275       0.5199999809265137       0.0000000000000000
  276       0.5199999809265137       0.0000000000000000
  277       0.5199999809265137       0.0000000000000000
  278       0.5199999809265137       0.0000000000000000
  279       0.5199999809265137       0.0000000000000000
  280       0.5199999809265137       0.0000000000000000
  281       0.5199999809265137       0.0000000000000000
  282       0.5199999809265137       0.0000000000000000
  283       0.5199999809265137       0.0000000000000000
  284       0.5199999809265137       0.0000000000000000
  285       0.5199999809265137       0.0000000000000000
  286       0.5199999809265137       0.0000000000000000
  287       0.5199999809265137       0.0000000000000000
  288       0.5199999809265137       0.0000000000000000
  289       0.5199999809265137       0.0000000000000000
  290       0.5199999809265137       0.0000000000000000
  291       0.5199999809265137       0.0000000000000000
  292       0.5199999809265137       0.0000000000000000
  293       0.5199999809265137       0.0000000000000000
  294       0.5199999809265137       0.0000000000000000
  295       0.5599999904632569       0.0000000000000000
  296       0.5599999904632569       0.0000000000000000
  297       0.5599999904632569       0.0000000000000000
  298       0.5599999904632569       0.0000000000000000
  299       0.5599999904632569       0.0000000000000000
  300       0.5599999904632569       0.0000000000000000
  301       0.5599999904632569       0.0000000000000000
  302       0.5599999904632569       0.0000000000000000
  303       0.5599999904632569       0.0000000000000000
  304       0.5599999904632569       0.0000000000000000
  305       0.5599999904632569       0.0000000000000000
  306       0.5599999904632569       0.0000000000000000
  307       0.5599999904632569       0.0000000000000000
  308       0.5599999904632569       0.0000000000000000
  309       0.5599999904632569       0.0000000000000000
  310       0.5599999904632569       0.0000000000000000
  311       0.5599999904632569       0.0000000000000000
  312       0.5599999904632569       0.0000000000000000
  313       0.5599999904632569       0.0000000000000000
  314       0.5599999904632569       0.0000000000000000
  315       0.5599999904632569       0.0000000000000000
  316       0.6000000000000001       0.0000000000000000
  317       0.6000000000000001       0.0000000000000000
  318       0.6000000000000001       0.0000000000000000
  319       0.6000000000000001       0.0000000000000000
  320       0.6000000000000001       0.0000000000000000
  321       0.6000000000000001       0.0000000000000000
  322       0.6000000000000001       0.0000000000000000
  323       0.6000000000000001       0.0000000000000000
  324       0.6000000000000001       0.0000000000000000
  325       0.6000000000000001       0.0000000000000000
  326       0.6000000000000001       0.0000000000000000
  327       0.6000000000000001       0.0000000000000000
  328       0.6000000000000001       0.0000000000000000
  329       0.6000000000000001       0.0000000000000000
  330       0.6000000000000001       0.0000000000000000
  331       0.6000000000000001       0.0000000000000000
  332       0.6000000000000001       0.0000000000000000
  333       0.6000000000000001       0.0000000000000000
  334       0.6000000000000001       0.0000000000000000
  335       0.6000000000000001       0.0000000000000000
  336       0.6000000000000001       0.0000000000000000
  337       0.6400000095367432       0.0000000000000000
  338       0.6400000095367432       0.0000000000000000
  339       0.6400000095367432       0.0000000000000000
  340       0.6400000095367432       0.0000000000000000
  341       0.6400000095367432       0.0000000000000000
  342       0.6400000095367432       0.0000000000000000
  343       0.6400000095367432       0.0000000000000000
  344       0.6400000095367432       0.0000000000000000
  345       0.6400000095367432       0.0000000000000000
  346       0.6400000095367432       0.0000000000000000
  347       0.6400000095367432       0.0000000000000000
  348       0.6400000095367432       0.0000000000000000
  349       0.6400000095367432       0.0000000000000000
  350       0.6400000095367432       0.0000000000000000
  351       0.6400000095367432       0.0000000000000000
  352       0.6400000095367432       0.0000000000000000
  353       0.6400000095367432       0.0000000000000000
  354       0.6400000095367432       0.0000000000000000
  355       0.6400000095367432       0.0000000000000000
  356       0.6400000095367432       0.0000000000000000
  357       0.6400000095367432       0.0000000000000000
  358       0.6800000190734864       0.0000000000000000
  359       0.6800000190734864       0.0000000000000000
  360       0.6800000190734864       0.0000000000000000
  361       0.6800000190734864       0.0000000000000000
  362       0.6800000190734864       0.0000000000000000
  363       0.6800000190734864       0.0000000000000000
  364       0.6800000190734864       0.0000000000000000
  365       0.6800000190734864       0.0000000000000000
  366       0.6800000190734864       0.0000000000000000
  367       0.6800000190734864       0.0000000000000000
  368       0.6800000190734864       0.0000000000000000
  369       0.6800000190734864       0.0000000000000000
  370       0.6800000190734864       0.0000000000000000
  371       0.6800000190734864       0.0000000000000000
  372       0.6800000190734864       0.0000000000000000
  373       0.6800000190734864       0.0000000000000000
  374       0.6800000190734864       0.0000000000000000
  375       0.6800000190734864       0.0000000000000000
  376       0.6800000190734864       0.0000000000000000
  377       0.6800000190734864       0.0000000000000000
  378       0.6800000190734864       0.0000000000000000
  379       0.7199999809265137       0.0000000000000000
  380       0.7199999809265137       0.0000000000000000
  381       0.7199999809265137       0.0000000000000000
  382       0.7199999809265137       0.0000000000000000
  383       0.7199999809265137       0.0000000000000000
  384       0.7199999809265137       0.0000000000000000
  385       0.7199999809265137       0.0000000000000000
  386       0.7199999809265137       0.0000000000000000
  387       0.7199999809265137       0.0000000000000000
  388       0.7199999809265137       0.0000000000000000
  389       0.7199999809265137       0.0000000000000000
  390       0.7199999809265137       0.0000000000000000
  391       0.7199999809265137       0.0000000000000000
  392       0.7199999809265137       0.0000000000000000
  393       0.7199999809265137       0.0000000000000000
  394       0.7199999809265137       0.0000000000000000
  395       0.7199999809265137       0.0000000000000000
  396       0.7199999809265137       0.0000000000000000
  397       0.7199999809265137       0.0000000000000000
  398       0.7199999809265137       0.0000000000000000
  399       0.7199999809265137       0.0000000000000000
  400       0.7599999904632568       0.0000000000000000
  401       0.7599999904632568       0.0000000000000000
  402       0.7599999904632568       0.0000000000000000
  403       0.7599999904632568       0.0000000000000000
  404       0.7599999904632568       0.0000000000000000
  405       0.7599999904632568       0.0000000000000000
  406       0.7599999904632568       0.0000000000000000
  407       0.7599999904632568       0.0000000000000000
  408       0.7599999904632568       0.0000000000000000
  409       0.7599999904632568       0.0000000000000000
  410       0.7599999904632568       0.0000000000000000
  411       0.7599999904632568       0.0000000000000000
  412       0.7599999904632568       0.0000000000000000
  413       0.7599999904632568       0.0000000000000000
  414       0.7599999904632568       0.0000000000000000
  415       0.7599999904632568       0.0000000000000000
  416       0.7599999904632568       0.0000000000000000
  417       0.7599999904632568       0.0000000000000000
  418       0.7599999904632568       0.0000000000000000
  419       0.7599999904632568       0.0000000000000000
  420       0.7599999904632568       0.0000000000000000
  421       0.8000000000000000       0.0000000000000000
  422       0.8000000000000000       0.0000000000000000
  423       0.8000000000000000       0.0000000000000000
  424       0.8000000000000000       0.0000000000000000
  425       0.8000000000000000       0.0000000000000000
  426       0.8000000000000000       0.0000000000000000
  427       0.8000000000000000       0.0000000000000000
  428       0.8000000000000000       0.0000000000000000
  429       0.8000000000000000       0.0000000000000000
  430       0.8000000000000000       0.0000000000000000
  431       0.8000000000000000       0.0000000000000000
  432       0.8000000000000000       0.0000000000000000
  433       0.8000000000000000       0.0000000000000000
  434       0.8000000000000000       0.0000000000000000
  435       0.8000000000000000       0.0000000000000000
  436       0.8000000000000000       0.0000000000000000
  437       0.8000000000000000       0.0000000000000000
  438       0.8000000000000000       0.0000000000000000
  439       0.8000000000000000       0.0000000000000000
  440       0.8000000000000000       0.0000000000000000
  441       0.8000000000000000       0.0000000000000000

