3.000E+00 5.000E+00 0.400E+00 1.250E+00 1.000E+00 1.000E-06 1.000E-02 1681
    1       0.0000000000000000       0.0000000000000000
    2       0.0312499981373549       0.0000000000000000
    3       0.0624999962747097       0.0000000000000000
    4       0.0937499925494194       0.0000000000000000
    5       0.1249999925494194       0.0000000000000000
    6       0.1562499850988388       0.0000000000000000
    7       0.1874999850988388       0.0000000000000000
    8       0.2187499701976776       0.0000000000000000
    9       0.2499999850988388       0.0000000000000000
   10       0.2812500000000000       0.0000000000000000
   11       0.3124999701976776       0.0000000000000000
   12       0.3437499701976776       0.0000000000000000
   13       0.3749999701976776       0.0000000000000000
   14       0.4062500000000000       0.0000000000000000
   15       0.4374999403953552       0.0000000000000000
   16       0.4687499701976776       0.0000000000000000
   17       0.4999999701976776       0.0000000000000000
   18       0.5312500000000000       0.0000000000000000
   19       0.5625000000000000       0.0000000000000000
   20       0.5937499403953552       0.0000000000000000
   21       0.6249999403953552       0.0000000000000000
   22       0.6562500000000000       0.0000000000000000
   23       0.6874999403953552       0.0000000000000000
   24       0.7187500000000000       0.0000000000000000
   25       0.7499999403953552       0.0000000000000000
   26       0.7812499403953552       0.0000000000000000
   27       0.8125000000000000       0.0000000000000000
   28       0.8437499403953552       0.0000000000000000
   29       0.8749998807907104       0.0000000000000000
   30       0.9062499403953552       0.0000000000000000
   31       0.9374999403953552       0.0000000000000000
   32       0.9687500000000000       0.0000000000000000
   33       0.9999999403953552       0.0000000000000000
   34       1.0312498807907104       0.0000000000000000
   35       1.0625000000000000       0.0000000000000000
   36       1.0937498807907104       0.0000000000000000
   37       1.1250000000000000       0.0000000000000000
   38       1.1562500000000000       0.0000000000000000
   39       1.1874998807907104       0.0000000000000000
   40       1.2187500000000000       0.0000000000000000
   41       1.2500000000000000       0.0000000000000000
   42       0.0000000000000000       0.0150000005960464
   43       0.0312499981373549       0.0150000005960464
   44       0.0624999962747097       0.0150000005960464
   45       0.0937499925494194       0.0150000005960464
   46       0.1249999925494194       0.0150000005960464
   47       0.1562499850988388       0.0150000005960464
   48       0.1874999850988388       0.0150000005960464
   49       0.2187499701976776       0.0150000005960464
   50       0.2499999850988388       0.0150000005960464
   51       0.2812500000000000       0.0150000005960464
   52       0.3124999701976776       0.0150000005960464
   53       0.3437499701976776       0.0150000005960464
   54       0.3749999701976776       0.0150000005960464
   55       0.4062500000000000       0.0150000005960464
   56       0.4374999403953552       0.0150000005960464
   57       0.4687499701976776       0.0150000005960464
   58       0.4999999701976776       0.0150000005960464
   59       0.5312500000000000       0.0150000005960464
   60       0.5625000000000000       0.0150000005960464
   61       0.5937499403953552       0.0150000005960464
   62       0.6249999403953552       0.0150000005960464
   63       0.6562500000000000       0.0150000005960464
   64       0.6874999403953552       0.0150000005960464
   65       0.7187500000000000       0.0150000005960464
   66       0.7499999403953552       0.0150000005960464
   67       0.7812499403953552       0.0150000005960464
   68       0.8125000000000000       0.0150000005960464
   69       0.8437499403953552       0.0150000005960464
   70       0.8749998807907104       0.0150000005960464
   71       0.9062499403953552       0.0150000005960464
   72       0.9374999403953552       0.0150000005960464
   73       0.9687500000000000       0.0150000005960464
   74       0.9999999403953552       0.0150000005960464
   75       1.0312498807907104       0.0150000005960464
   76       1.0625000000000000       0.0150000005960464
   77       1.0937498807907104       0.0150000005960464
   78       1.1250000000000000       0.0150000005960464
   79       1.1562500000000000       0.0150000005960464
   80       1.1874998807907104       0.0150000005960464
   81       1.2187500000000000       0.0150000005960464
   82       1.2500000000000000       0.0150000005960464
   83       0.0000000000000000       0.0300000011920929
   84       0.0312499981373549       0.0300000011920929
   85       0.0624999962747097       0.0300000011920929
   86       0.0937499925494194       0.0300000011920929
   87       0.1249999925494194       0.0300000011920929
   88       0.1562499850988388       0.0300000011920929
   89       0.1874999850988388       0.0300000011920929
   90       0.2187499701976776       0.0300000011920929
   91       0.2499999850988388       0.0300000011920929
   92       0.2812500000000000       0.0300000011920929
   93       0.3124999701976776       0.0300000011920929
   94       0.3437499701976776       0.0300000011920929
   95       0.3749999701976776       0.0300000011920929
   96       0.4062500000000000       0.0300000011920929
   97       0.4374999403953552       0.0300000011920929
   98       0.4687499701976776       0.0300000011920929
   99       0.4999999701976776       0.0300000011920929
  100       0.5312500000000000       0.0300000011920929
  101       0.5625000000000000       0.0300000011920929
  102       0.5937499403953552       0.0300000011920929
  103       0.6249999403953552       0.0300000011920929
  104       0.6562500000000000       0.0300000011920929
  105       0.6874999403953552       0.0300000011920929
  106       0.7187500000000000       0.0300000011920929
  107       0.7499999403953552       0.0300000011920929
  108       0.7812499403953552       0.0300000011920929
  109       0.8125000000000000       0.0300000011920929
  110       0.8437499403953552       0.0300000011920929
  111       0.8749998807907104       0.0300000011920929
  112       0.9062499403953552       0.0300000011920929
  113       0.9374999403953552       0.0300000011920929
  114       0.9687500000000000       0.0300000011920929
  115       0.9999999403953552       0.0300000011920929
  116       1.0312498807907104       0.0300000011920929
  117       1.0625000000000000       0.0300000011920929
  118       1.0937498807907104       0.0300000011920929
  119       1.1250000000000000       0.0300000011920929
  120       1.1562500000000000       0.0300000011920929
  121       1.1874998807907104       0.0300000011920929
  122       1.2187500000000000       0.0300000011920929
  123       1.2500000000000000       0.0300000011920929
  124       0.0000000000000000       0.0450000017881393
  125       0.0312499981373549       0.0450000017881393
  126       0.0624999962747097       0.0450000017881393
  127       0.0937499925494194       0.0450000017881393
  128       0.1249999925494194       0.0450000017881393
  129       0.1562499850988388       0.0450000017881393
  130       0.1874999850988388       0.0450000017881393
  131       0.2187499701976776       0.0450000017881393
  132       0.2499999850988388       0.0450000017881393
  133       0.2812500000000000       0.0450000017881393
  134       0.3124999701976776       0.0450000017881393
  135       0.3437499701976776       0.0450000017881393
  136       0.3749999701976776       0.0450000017881393
  137       0.4062500000000000       0.0450000017881393
  138       0.4374999403953552       0.0450000017881393
  139       0.4687499701976776       0.0450000017881393
  140       0.4999999701976776       0.0450000017881393
  141       0.5312500000000000       0.0450000017881393
  142       0.5625000000000000       0.0450000017881393
  143       0.5937499403953552       0.0450000017881393
  144       0.6249999403953552       0.0450000017881393
  145       0.6562500000000000       0.0450000017881393
  146       0.6874999403953552       0.0450000017881393
  147       0.7187500000000000       0.0450000017881393
  148       0.7499999403953552       0.0450000017881393
  149       0.7812499403953552       0.0450000017881393
  150       0.8125000000000000       0.0450000017881393
  151       0.8437499403953552       0.0450000017881393
  152       0.8749998807907104       0.0450000017881393
  153       0.9062499403953552       0.0450000017881393
  154       0.9374999403953552       0.0450000017881393
  155       0.9687500000000000       0.0450000017881393
  156       0.9999999403953552       0.0450000017881393
  157       1.0312498807907104       0.0450000017881393
  158       1.0625000000000000       0.0450000017881393
  159       1.0937498807907104       0.0450000017881393
  160       1.1250000000000000       0.0450000017881393
  161       1.1562500000000000       0.0450000017881393
  162       1.1874998807907104       0.0450000017881393
  163       1.2187500000000000       0.0450000017881393
  164       1.2500000000000000       0.0450000017881393
  165       0.0000000000000000       0.0600000023841858
  166       0.0312499981373549       0.0600000023841858
  167       0.0624999962747097       0.0600000023841858
  168       0.0937499925494194       0.0600000023841858
  169       0.1249999925494194       0.0600000023841858
  170       0.1562499850988388       0.0600000023841858
  171       0.1874999850988388       0.0600000023841858
  172       0.2187499701976776       0.0600000023841858
  173       0.2499999850988388       0.0600000023841858
  174       0.2812500000000000       0.0600000023841858
  175       0.3124999701976776       0.0600000023841858
  176       0.3437499701976776       0.0600000023841858
  177       0.3749999701976776       0.0600000023841858
  178       0.4062500000000000       0.0600000023841858
  179       0.4374999403953552       0.0600000023841858
  180       0.4687499701976776       0.0600000023841858
  181       0.4999999701976776       0.0600000023841858
  182       0.5312500000000000       0.0600000023841858
  183       0.5625000000000000       0.0600000023841858
  184       0.5937499403953552       0.0600000023841858
  185       0.6249999403953552       0.0600000023841858
  186       0.6562500000000000       0.0600000023841858
  187       0.6874999403953552       0.0600000023841858
  188       0.7187500000000000       0.0600000023841858
  189       0.7499999403953552       0.0600000023841858
  190       0.7812499403953552       0.0600000023841858
  191       0.8125000000000000       0.0600000023841858
  192       0.8437499403953552       0.0600000023841858
  193       0.8749998807907104       0.0600000023841858
  194       0.9062499403953552       0.0600000023841858
  195       0.9374999403953552       0.0600000023841858
  196       0.9687500000000000       0.0600000023841858
  197       0.9999999403953552       0.0600000023841858
  198       1.0312498807907104       0.0600000023841858
  199       1.0625000000000000       0.0600000023841858
  200       1.0937498807907104       0.0600000023841858
  201       1.1250000000000000       0.0600000023841858
  202       1.1562500000000000       0.0600000023841858
  203       1.1874998807907104       0.0600000023841858
  204       1.2187500000000000       0.0600000023841858
  205       1.2500000000000000       0.0600000023841858
  206       0.0000000000000000       0.0750000029802322
  207       0.0312499981373549       0.0750000029802322
  208       0.0624999962747097       0.0750000029802322
  209       0.0937499925494194       0.0750000029802322
  210       0.1249999925494194       0.0750000029802322
  211       0.1562499850988388       0.0750000029802322
  212       0.1874999850988388       0.0750000029802322
  213       0.2187499701976776       0.0750000029802322
  214       0.2499999850988388       0.0750000029802322
  215       0.2812500000000000       0.0750000029802322
  216       0.3124999701976776       0.0750000029802322
  217       0.3437499701976776       0.0750000029802322
  218       0.3749999701976776       0.0750000029802322
  219       0.4062500000000000       0.0750000029802322
  220       0.4374999403953552       0.0750000029802322
  221       0.4687499701976776       0.0750000029802322
  222       0.4999999701976776       0.0750000029802322
  223       0.5312500000000000       0.0750000029802322
  224       0.5625000000000000       0.0750000029802322
  225       0.5937499403953552       0.0750000029802322
  226       0.6249999403953552       0.0750000029802322
  227       0.6562500000000000       0.0750000029802322
  228       0.6874999403953552       0.0750000029802322
  229       0.7187500000000000       0.0750000029802322
  230       0.7499999403953552       0.0750000029802322
  231       0.7812499403953552       0.0750000029802322
  232       0.8125000000000000       0.0750000029802322
  233       0.8437499403953552       0.0750000029802322
  234       0.8749998807907104       0.0750000029802322
  235       0.9062499403953552       0.0750000029802322
  236       0.9374999403953552       0.0750000029802322
  237       0.9687500000000000       0.0750000029802322
  238       0.9999999403953552       0.0750000029802322
  239       1.0312498807907104       0.0750000029802322
  240       1.0625000000000000       0.0750000029802322
  241       1.0937498807907104       0.0750000029802322
  242       1.1250000000000000       0.0750000029802322
  243       1.1562500000000000       0.0750000029802322
  244       1.1874998807907104       0.0750000029802322
  245       1.2187500000000000       0.0750000029802322
  246       1.2500000000000000       0.0750000029802322
  247       0.0000000000000000       0.0900000035762787
  248       0.0312499981373549       0.0900000035762787
  249       0.0624999962747097       0.0900000035762787
  250       0.0937499925494194       0.0900000035762787
  251       0.1249999925494194       0.0900000035762787
  252       0.1562499850988388       0.0900000035762787
  253       0.1874999850988388       0.0900000035762787
  254       0.2187499701976776       0.0900000035762787
  255       0.2499999850988388       0.0900000035762787
  256       0.2812500000000000       0.0900000035762787
  257       0.3124999701976776       0.0900000035762787
  258       0.3437499701976776       0.0900000035762787
  259       0.3749999701976776       0.0900000035762787
  260       0.4062500000000000       0.0900000035762787
  261       0.4374999403953552       0.0900000035762787
  262       0.4687499701976776       0.0900000035762787
  263       0.4999999701976776       0.0900000035762787
  264       0.5312500000000000       0.0900000035762787
  265       0.5625000000000000       0.0900000035762787
  266       0.5937499403953552       0.0900000035762787
  267       0.6249999403953552       0.0900000035762787
  268       0.6562500000000000       0.0900000035762787
  269       0.6874999403953552       0.0900000035762787
  270       0.7187500000000000       0.0900000035762787
  271       0.7499999403953552       0.0900000035762787
  272       0.7812499403953552       0.0900000035762787
  273       0.8125000000000000       0.0900000035762787
  274       0.8437499403953552       0.0900000035762787
  275       0.8749998807907104       0.0900000035762787
  276       0.9062499403953552       0.0900000035762787
  277       0.9374999403953552       0.0900000035762787
  278       0.9687500000000000       0.0900000035762787
  279       0.9999999403953552       0.0900000035762787
  280       1.0312498807907104       0.0900000035762787
  281       1.0625000000000000       0.0900000035762787
  282       1.0937498807907104       0.0900000035762787
  283       1.1250000000000000       0.0900000035762787
  284       1.1562500000000000       0.0900000035762787
  285       1.1874998807907104       0.0900000035762787
  286       1.2187500000000000       0.0900000035762787
  287       1.2500000000000000       0.0900000035762787
  288       0.0000000000000000       0.1050000041723251
  289       0.0312499981373549       0.1050000041723251
  290       0.0624999962747097       0.1050000041723251
  291       0.0937499925494194       0.1050000041723251
  292       0.1249999925494194       0.1050000041723251
  293       0.1562499850988388       0.1050000041723251
  294       0.1874999850988388       0.1050000041723251
  295       0.2187499701976776       0.1050000041723251
  296       0.2499999850988388       0.1050000041723251
  297       0.2812500000000000       0.1050000041723251
  298       0.3124999701976776       0.1050000041723251
  299       0.3437499701976776       0.1050000041723251
  300       0.3749999701976776       0.1050000041723251
  301       0.4062500000000000       0.1050000041723251
  302       0.4374999403953552       0.1050000041723251
  303       0.4687499701976776       0.1050000041723251
  304       0.4999999701976776       0.1050000041723251
  305       0.5312500000000000       0.1050000041723251
  306       0.5625000000000000       0.1050000041723251
  307       0.5937499403953552       0.1050000041723251
  308       0.6249999403953552       0.1050000041723251
  309       0.6562500000000000       0.1050000041723251
  310       0.6874999403953552       0.1050000041723251
  311       0.7187500000000000       0.1050000041723251
  312       0.7499999403953552       0.1050000041723251
  313       0.7812499403953552       0.1050000041723251
  314       0.8125000000000000       0.1050000041723251
  315       0.8437499403953552       0.1050000041723251
  316       0.8749998807907104       0.1050000041723251
  317       0.9062499403953552       0.1050000041723251
  318       0.9374999403953552       0.1050000041723251
  319       0.9687500000000000       0.1050000041723251
  320       0.9999999403953552       0.1050000041723251
  321       1.0312498807907104       0.1050000041723251
  322       1.0625000000000000       0.1050000041723251
  323       1.0937498807907104       0.1050000041723251
  324       1.1250000000000000       0.1050000041723251
  325       1.1562500000000000       0.1050000041723251
  326       1.1874998807907104       0.1050000041723251
  327       1.2187500000000000       0.1050000041723251
  328       1.2500000000000000       0.1050000041723251
  329       0.0000000000000000       0.1200000047683716
  330       0.0312499981373549       0.1200000047683716
  331       0.0624999962747097       0.1200000047683716
  332       0.0937499925494194       0.1200000047683716
  333       0.1249999925494194       0.1200000047683716
  334       0.1562499850988388       0.1200000047683716
  335       0.1874999850988388       0.1200000047683716
  336       0.2187499701976776       0.1200000047683716
  337       0.2499999850988388       0.1200000047683716
  338       0.2812500000000000       0.1200000047683716
  339       0.3124999701976776       0.1200000047683716
  340       0.3437499701976776       0.1200000047683716
  341       0.3749999701976776       0.1200000047683716
  342       0.4062500000000000       0.1200000047683716
  343       0.4374999403953552       0.1200000047683716
  344       0.4687499701976776       0.1200000047683716
  345       0.4999999701976776       0.1200000047683716
  346       0.5312500000000000       0.1200000047683716
  347       0.5625000000000000       0.1200000047683716
  348       0.5937499403953552       0.1200000047683716
  349       0.6249999403953552       0.1200000047683716
  350       0.6562500000000000       0.1200000047683716
  351       0.6874999403953552       0.1200000047683716
  352       0.7187500000000000       0.1200000047683716
  353       0.7499999403953552       0.1200000047683716
  354       0.7812499403953552       0.1200000047683716
  355       0.8125000000000000       0.1200000047683716
  356       0.8437499403953552       0.1200000047683716
  357       0.8749998807907104       0.1200000047683716
  358       0.9062499403953552       0.1200000047683716
  359       0.9374999403953552       0.1200000047683716
  360       0.9687500000000000       0.1200000047683716
  361       0.9999999403953552       0.1200000047683716
  362       1.0312498807907104       0.1200000047683716
  363       1.0625000000000000       0.1200000047683716
  364       1.0937498807907104       0.1200000047683716
  365       1.1250000000000000       0.1200000047683716
  366       1.1562500000000000       0.1200000047683716
  367       1.1874998807907104       0.1200000047683716
  368       1.2187500000000000       0.1200000047683716
  369       1.2500000000000000       0.1200000047683716
  370       0.0000000000000000       0.1350000053644180
  371       0.0312499981373549       0.1350000053644180
  372       0.0624999962747097       0.1350000053644180
  373       0.0937499925494194       0.1350000053644180
  374       0.1249999925494194       0.1350000053644180
  375       0.1562499850988388       0.1350000053644180
  376       0.1874999850988388       0.1350000053644180
  377       0.2187499701976776       0.1350000053644180
  378       0.2499999850988388       0.1350000053644180
  379       0.2812500000000000       0.1350000053644180
  380       0.3124999701976776       0.1350000053644180
  381       0.3437499701976776       0.1350000053644180
  382       0.3749999701976776       0.1350000053644180
  383       0.4062500000000000       0.1350000053644180
  384       0.4374999403953552       0.1350000053644180
  385       0.4687499701976776       0.1350000053644180
  386       0.4999999701976776       0.1350000053644180
  387       0.5312500000000000       0.1350000053644180
  388       0.5625000000000000       0.1350000053644180
  389       0.5937499403953552       0.1350000053644180
  390       0.6249999403953552       0.1350000053644180
  391       0.6562500000000000       0.1350000053644180
  392       0.6874999403953552       0.1350000053644180
  393       0.7187500000000000       0.1350000053644180
  394       0.7499999403953552       0.1350000053644180
  395       0.7812499403953552       0.1350000053644180
  396       0.8125000000000000       0.1350000053644180
  397       0.8437499403953552       0.1350000053644180
  398       0.8749998807907104       0.1350000053644180
  399       0.9062499403953552       0.1350000053644180
  400       0.9374999403953552       0.1350000053644180
  401       0.9687500000000000       0.1350000053644180
  402       0.9999999403953552       0.1350000053644180
  403       1.0312498807907104       0.1350000053644180
  404       1.0625000000000000       0.1350000053644180
  405       1.0937498807907104       0.1350000053644180
  406       1.1250000000000000       0.1350000053644180
  407       1.1562500000000000       0.1350000053644180
  408       1.1874998807907104       0.1350000053644180
  409       1.2187500000000000       0.1350000053644180
  410       1.2500000000000000       0.1350000053644180
  411       0.0000000000000000       0.1500000059604645
  412       0.0312499981373549       0.1500000059604645
  413       0.0624999962747097       0.1500000059604645
  414       0.0937499925494194       0.1500000059604645
  415       0.1249999925494194       0.1500000059604645
  416       0.1562499850988388       0.1500000059604645
  417       0.1874999850988388       0.1500000059604645
  418       0.2187499701976776       0.1500000059604645
  419       0.2499999850988388       0.1500000059604645
  420       0.2812500000000000       0.1500000059604645
  421       0.3124999701976776       0.1500000059604645
  422       0.3437499701976776       0.1500000059604645
  423       0.3749999701976776       0.1500000059604645
  424       0.4062500000000000       0.1500000059604645
  425       0.4374999403953552       0.1500000059604645
  426       0.4687499701976776       0.1500000059604645
  427       0.4999999701976776       0.1500000059604645
  428       0.5312500000000000       0.1500000059604645
  429       0.5625000000000000       0.1500000059604645
  430       0.5937499403953552       0.1500000059604645
  431       0.6249999403953552       0.1500000059604645
  432       0.6562500000000000       0.1500000059604645
  433       0.6874999403953552       0.1500000059604645
  434       0.7187500000000000       0.1500000059604645
  435       0.7499999403953552       0.1500000059604645
  436       0.7812499403953552       0.1500000059604645
  437       0.8125000000000000       0.1500000059604645
  438       0.8437499403953552       0.1500000059604645
  439       0.8749998807907104       0.1500000059604645
  440       0.9062499403953552       0.1500000059604645
  441       0.9374999403953552       0.1500000059604645
  442       0.9687500000000000       0.1500000059604645
  443       0.9999999403953552       0.1500000059604645
  444       1.0312498807907104       0.1500000059604645
  445       1.0625000000000000       0.1500000059604645
  446       1.0937498807907104       0.1500000059604645
  447       1.1250000000000000       0.1500000059604645
  448       1.1562500000000000       0.1500000059604645
  449       1.1874998807907104       0.1500000059604645
  450       1.2187500000000000       0.1500000059604645
  451       1.2500000000000000       0.1500000059604645
  452       0.0000000000000000       0.1650000065565109
  453       0.0312499981373549       0.1650000065565109
  454       0.0624999962747097       0.1650000065565109
  455       0.0937499925494194       0.1650000065565109
  456       0.1249999925494194       0.1650000065565109
  457       0.1562499850988388       0.1650000065565109
  458       0.1874999850988388       0.1650000065565109
  459       0.2187499701976776       0.1650000065565109
  460       0.2499999850988388       0.1650000065565109
  461       0.2812500000000000       0.1650000065565109
  462       0.3124999701976776       0.1650000065565109
  463       0.3437499701976776       0.1650000065565109
  464       0.3749999701976776       0.1650000065565109
  465       0.4062500000000000       0.1650000065565109
  466       0.4374999403953552       0.1650000065565109
  467       0.4687499701976776       0.1650000065565109
  468       0.4999999701976776       0.1650000065565109
  469       0.5312500000000000       0.1650000065565109
  470       0.5625000000000000       0.1650000065565109
  471       0.5937499403953552       0.1650000065565109
  472       0.6249999403953552       0.1650000065565109
  473       0.6562500000000000       0.1650000065565109
  474       0.6874999403953552       0.1650000065565109
  475       0.7187500000000000       0.1650000065565109
  476       0.7499999403953552       0.1650000065565109
  477       0.7812499403953552       0.1650000065565109
  478       0.8125000000000000       0.1650000065565109
  479       0.8437499403953552       0.1650000065565109
  480       0.8749998807907104       0.1650000065565109
  481       0.9062499403953552       0.1650000065565109
  482       0.9374999403953552       0.1650000065565109
  483       0.9687500000000000       0.1650000065565109
  484       0.9999999403953552       0.1650000065565109
  485       1.0312498807907104       0.1650000065565109
  486       1.0625000000000000       0.1650000065565109
  487       1.0937498807907104       0.1650000065565109
  488       1.1250000000000000       0.1650000065565109
  489       1.1562500000000000       0.1650000065565109
  490       1.1874998807907104       0.1650000065565109
  491       1.2187500000000000       0.1650000065565109
  492       1.2500000000000000       0.1650000065565109
  493       0.0000000000000000       0.1800000071525574
  494       0.0312499981373549       0.1800000071525574
  495       0.0624999962747097       0.1800000071525574
  496       0.0937499925494194       0.1800000071525574
  497       0.1249999925494194       0.1800000071525574
  498       0.1562499850988388       0.1800000071525574
  499       0.1874999850988388       0.1800000071525574
  500       0.2187499701976776       0.1800000071525574
  501       0.2499999850988388       0.1800000071525574
  502       0.2812500000000000       0.1800000071525574
  503       0.3124999701976776       0.1800000071525574
  504       0.3437499701976776       0.1800000071525574
  505       0.3749999701976776       0.1800000071525574
  506       0.4062500000000000       0.1800000071525574
  507       0.4374999403953552       0.1800000071525574
  508       0.4687499701976776       0.1800000071525574
  509       0.4999999701976776       0.1800000071525574
  510       0.5312500000000000       0.1800000071525574
  511       0.5625000000000000       0.1800000071525574
  512       0.5937499403953552       0.1800000071525574
  513       0.6249999403953552       0.1800000071525574
  514       0.6562500000000000       0.1800000071525574
  515       0.6874999403953552       0.1800000071525574
  516       0.7187500000000000       0.1800000071525574
  517       0.7499999403953552       0.1800000071525574
  518       0.7812499403953552       0.1800000071525574
  519       0.8125000000000000       0.1800000071525574
  520       0.8437499403953552       0.1800000071525574
  521       0.8749998807907104       0.1800000071525574
  522       0.9062499403953552       0.1800000071525574
  523       0.9374999403953552       0.1800000071525574
  524       0.9687500000000000       0.1800000071525574
  525       0.9999999403953552       0.1800000071525574
  526       1.0312498807907104       0.1800000071525574
  527       1.0625000000000000       0.1800000071525574
  528       1.0937498807907104       0.1800000071525574
  529       1.1250000000000000       0.1800000071525574
  530       1.1562500000000000       0.1800000071525574
  531       1.1874998807907104       0.1800000071525574
  532       1.2187500000000000       0.1800000071525574
  533       1.2500000000000000       0.1800000071525574
  534       0.0000000000000000       0.1950000077486038
  535       0.0312499981373549       0.1950000077486038
  536       0.0624999962747097       0.1950000077486038
  537       0.0937499925494194       0.1950000077486038
  538       0.1249999925494194       0.1950000077486038
  539       0.1562499850988388       0.1950000077486038
  540       0.1874999850988388       0.1950000077486038
  541       0.2187499701976776       0.1950000077486038
  542       0.2499999850988388       0.1950000077486038
  543       0.2812500000000000       0.1950000077486038
  544       0.3124999701976776       0.1950000077486038
  545       0.3437499701976776       0.1950000077486038
  546       0.3749999701976776       0.1950000077486038
  547       0.4062500000000000       0.1950000077486038
  548       0.4374999403953552       0.1950000077486038
  549       0.4687499701976776       0.1950000077486038
  550       0.4999999701976776       0.1950000077486038
  551       0.5312500000000000       0.1950000077486038
  552       0.5625000000000000       0.1950000077486038
  553       0.5937499403953552       0.1950000077486038
  554       0.6249999403953552       0.1950000077486038
  555       0.6562500000000000       0.1950000077486038
  556       0.6874999403953552       0.1950000077486038
  557       0.7187500000000000       0.1950000077486038
  558       0.7499999403953552       0.1950000077486038
  559       0.7812499403953552       0.1950000077486038
  560       0.8125000000000000       0.1950000077486038
  561       0.8437499403953552       0.1950000077486038
  562       0.8749998807907104       0.1950000077486038
  563       0.9062499403953552       0.1950000077486038
  564       0.9374999403953552       0.1950000077486038
  565       0.9687500000000000       0.1950000077486038
  566       0.9999999403953552       0.1950000077486038
  567       1.0312498807907104       0.1950000077486038
  568       1.0625000000000000       0.1950000077486038
  569       1.0937498807907104       0.1950000077486038
  570       1.1250000000000000       0.1950000077486038
  571       1.1562500000000000       0.1950000077486038
  572       1.1874998807907104       0.1950000077486038
  573       1.2187500000000000       0.1950000077486038
  574       1.2500000000000000       0.1950000077486038
  575       0.0000000000000000       0.2100000083446503
  576       0.0312499981373549       0.2100000083446503
  577       0.0624999962747097       0.2100000083446503
  578       0.0937499925494194       0.2100000083446503
  579       0.1249999925494194       0.2100000083446503
  580       0.1562499850988388       0.2100000083446503
  581       0.1874999850988388       0.2100000083446503
  582       0.2187499701976776       0.2100000083446503
  583       0.2499999850988388       0.2100000083446503
  584       0.2812500000000000       0.2100000083446503
  585       0.3124999701976776       0.2100000083446503
  586       0.3437499701976776       0.2100000083446503
  587       0.3749999701976776       0.2100000083446503
  588       0.4062500000000000       0.2100000083446503
  589       0.4374999403953552       0.2100000083446503
  590       0.4687499701976776       0.2100000083446503
  591       0.4999999701976776       0.2100000083446503
  592       0.5312500000000000       0.2100000083446503
  593       0.5625000000000000       0.2100000083446503
  594       0.5937499403953552       0.2100000083446503
  595       0.6249999403953552       0.2100000083446503
  596       0.6562500000000000       0.2100000083446503
  597       0.6874999403953552       0.2100000083446503
  598       0.7187500000000000       0.2100000083446503
  599       0.7499999403953552       0.2100000083446503
  600       0.7812499403953552       0.2100000083446503
  601       0.8125000000000000       0.2100000083446503
  602       0.8437499403953552       0.2100000083446503
  603       0.8749998807907104       0.2100000083446503
  604       0.9062499403953552       0.2100000083446503
  605       0.9374999403953552       0.2100000083446503
  606       0.9687500000000000       0.2100000083446503
  607       0.9999999403953552       0.2100000083446503
  608       1.0312498807907104       0.2100000083446503
  609       1.0625000000000000       0.2100000083446503
  610       1.0937498807907104       0.2100000083446503
  611       1.1250000000000000       0.2100000083446503
  612       1.1562500000000000       0.2100000083446503
  613       1.1874998807907104       0.2100000083446503
  614       1.2187500000000000       0.2100000083446503
  615       1.2500000000000000       0.2100000083446503
  616       0.0000000000000000       0.2250000089406967
  617       0.0312499981373549       0.2250000089406967
  618       0.0624999962747097       0.2250000089406967
  619       0.0937499925494194       0.2250000089406967
  620       0.1249999925494194       0.2250000089406967
  621       0.1562499850988388       0.2250000089406967
  622       0.1874999850988388       0.2250000089406967
  623       0.2187499701976776       0.2250000089406967
  624       0.2499999850988388       0.2250000089406967
  625       0.2812500000000000       0.2250000089406967
  626       0.3124999701976776       0.2250000089406967
  627       0.3437499701976776       0.2250000089406967
  628       0.3749999701976776       0.2250000089406967
  629       0.4062500000000000       0.2250000089406967
  630       0.4374999403953552       0.2250000089406967
  631       0.4687499701976776       0.2250000089406967
  632       0.4999999701976776       0.2250000089406967
  633       0.5312500000000000       0.2250000089406967
  634       0.5625000000000000       0.2250000089406967
  635       0.5937499403953552       0.2250000089406967
  636       0.6249999403953552       0.2250000089406967
  637       0.6562500000000000       0.2250000089406967
  638       0.6874999403953552       0.2250000089406967
  639       0.7187500000000000       0.2250000089406967
  640       0.7499999403953552       0.2250000089406967
  641       0.7812499403953552       0.2250000089406967
  642       0.8125000000000000       0.2250000089406967
  643       0.8437499403953552       0.2250000089406967
  644       0.8749998807907104       0.2250000089406967
  645       0.9062499403953552       0.2250000089406967
  646       0.9374999403953552       0.2250000089406967
  647       0.9687500000000000       0.2250000089406967
  648       0.9999999403953552       0.2250000089406967
  649       1.0312498807907104       0.2250000089406967
  650       1.0625000000000000       0.2250000089406967
  651       1.0937498807907104       0.2250000089406967
  652       1.1250000000000000       0.2250000089406967
  653       1.1562500000000000       0.2250000089406967
  654       1.1874998807907104       0.2250000089406967
  655       1.2187500000000000       0.2250000089406967
  656       1.2500000000000000       0.2250000089406967
  657       0.0000000000000000       0.2400000095367432
  658       0.0312499981373549       0.2400000095367432
  659       0.0624999962747097       0.2400000095367432
  660       0.0937499925494194       0.2400000095367432
  661       0.1249999925494194       0.2400000095367432
  662       0.1562499850988388       0.2400000095367432
  663       0.1874999850988388       0.2400000095367432
  664       0.2187499701976776       0.2400000095367432
  665       0.2499999850988388       0.2400000095367432
  666       0.2812500000000000       0.2400000095367432
  667       0.3124999701976776       0.2400000095367432
  668       0.3437499701976776       0.2400000095367432
  669       0.3749999701976776       0.2400000095367432
  670       0.4062500000000000       0.2400000095367432
  671       0.4374999403953552       0.2400000095367432
  672       0.4687499701976776       0.2400000095367432
  673       0.4999999701976776       0.2400000095367432
  674       0.5312500000000000       0.2400000095367432
  675       0.5625000000000000       0.2400000095367432
  676       0.5937499403953552       0.2400000095367432
  677       0.6249999403953552       0.2400000095367432
  678       0.6562500000000000       0.2400000095367432
  679       0.6874999403953552       0.2400000095367432
  680       0.7187500000000000       0.2400000095367432
  681       0.7499999403953552       0.2400000095367432
  682       0.7812499403953552       0.2400000095367432
  683       0.8125000000000000       0.2400000095367432
  684       0.8437499403953552       0.2400000095367432
  685       0.8749998807907104       0.2400000095367432
  686       0.9062499403953552       0.2400000095367432
  687       0.9374999403953552       0.2400000095367432
  688       0.9687500000000000       0.2400000095367432
  689       0.9999999403953552       0.2400000095367432
  690       1.0312498807907104       0.2400000095367432
  691       1.0625000000000000       0.2400000095367432
  692       1.0937498807907104       0.2400000095367432
  693       1.1250000000000000       0.2400000095367432
  694       1.1562500000000000       0.2400000095367432
  695       1.1874998807907104       0.2400000095367432
  696       1.2187500000000000       0.2400000095367432
  697       1.2500000000000000       0.2400000095367432
  698       0.0000000000000000       0.2550000250339508
  699       0.0312499981373549       0.2550000250339508
  700       0.0624999962747097       0.2550000250339508
  701       0.0937499925494194       0.2550000250339508
  702       0.1249999925494194       0.2550000250339508
  703       0.1562499850988388       0.2550000250339508
  704       0.1874999850988388       0.2550000250339508
  705       0.2187499701976776       0.2550000250339508
  706       0.2499999850988388       0.2550000250339508
  707       0.2812500000000000       0.2550000250339508
  708       0.3124999701976776       0.2550000250339508
  709       0.3437499701976776       0.2550000250339508
  710       0.3749999701976776       0.2550000250339508
  711       0.4062500000000000       0.2550000250339508
  712       0.4374999403953552       0.2550000250339508
  713       0.4687499701976776       0.2550000250339508
  714       0.4999999701976776       0.2550000250339508
  715       0.5312500000000000       0.2550000250339508
  716       0.5625000000000000       0.2550000250339508
  717       0.5937499403953552       0.2550000250339508
  718       0.6249999403953552       0.2550000250339508
  719       0.6562500000000000       0.2550000250339508
  720       0.6874999403953552       0.2550000250339508
  721       0.7187500000000000       0.2550000250339508
  722       0.7499999403953552       0.2550000250339508
  723       0.7812499403953552       0.2550000250339508
  724       0.8125000000000000       0.2550000250339508
  725       0.8437499403953552       0.2550000250339508
  726       0.8749998807907104       0.2550000250339508
  727       0.9062499403953552       0.2550000250339508
  728       0.9374999403953552       0.2550000250339508
  729       0.9687500000000000       0.2550000250339508
  730       0.9999999403953552       0.2550000250339508
  731       1.0312498807907104       0.2550000250339508
  732       1.0625000000000000       0.2550000250339508
  733       1.0937498807907104       0.2550000250339508
  734       1.1250000000000000       0.2550000250339508
  735       1.1562500000000000       0.2550000250339508
  736       1.1874998807907104       0.2550000250339508
  737       1.2187500000000000       0.2550000250339508
  738       1.2500000000000000       0.2550000250339508
  739       0.0000000000000000       0.2700000107288361
  740       0.0312499981373549       0.2700000107288361
  741       0.0624999962747097       0.2700000107288361
  742       0.0937499925494194       0.2700000107288361
  743       0.1249999925494194       0.2700000107288361
  744       0.1562499850988388       0.2700000107288361
  745       0.1874999850988388       0.2700000107288361
  746       0.2187499701976776       0.2700000107288361
  747       0.2499999850988388       0.2700000107288361
  748       0.2812500000000000       0.2700000107288361
  749       0.3124999701976776       0.2700000107288361
  750       0.3437499701976776       0.2700000107288361
  751       0.3749999701976776       0.2700000107288361
  752       0.4062500000000000       0.2700000107288361
  753       0.4374999403953552       0.2700000107288361
  754       0.4687499701976776       0.2700000107288361
  755       0.4999999701976776       0.2700000107288361
  756       0.5312500000000000       0.2700000107288361
  757       0.5625000000000000       0.2700000107288361
  758       0.5937499403953552       0.2700000107288361
  759       0.6249999403953552       0.2700000107288361
  760       0.6562500000000000       0.2700000107288361
  761       0.6874999403953552       0.2700000107288361
  762       0.7187500000000000       0.2700000107288361
  763       0.7499999403953552       0.2700000107288361
  764       0.7812499403953552       0.2700000107288361
  765       0.8125000000000000       0.2700000107288361
  766       0.8437499403953552       0.2700000107288361
  767       0.8749998807907104       0.2700000107288361
  768       0.9062499403953552       0.2700000107288361
  769       0.9374999403953552       0.2700000107288361
  770       0.9687500000000000       0.2700000107288361
  771       0.9999999403953552       0.2700000107288361
  772       1.0312498807907104       0.2700000107288361
  773       1.0625000000000000       0.2700000107288361
  774       1.0937498807907104       0.2700000107288361
  775       1.1250000000000000       0.2700000107288361
  776       1.1562500000000000       0.2700000107288361
  777       1.1874998807907104       0.2700000107288361
  778       1.2187500000000000       0.2700000107288361
  779       1.2500000000000000       0.2700000107288361
  780       0.0000000000000000       0.2849999964237213
  781       0.0312499981373549       0.2849999964237213
  782       0.0624999962747097       0.2849999964237213
  783       0.0937499925494194       0.2849999964237213
  784       0.1249999925494194       0.2849999964237213
  785       0.1562499850988388       0.2849999964237213
  786       0.1874999850988388       0.2849999964237213
  787       0.2187499701976776       0.2849999964237213
  788       0.2499999850988388       0.2849999964237213
  789       0.2812500000000000       0.2849999964237213
  790       0.3124999701976776       0.2849999964237213
  791       0.3437499701976776       0.2849999964237213
  792       0.3749999701976776       0.2849999964237213
  793       0.4062500000000000       0.2849999964237213
  794       0.4374999403953552       0.2849999964237213
  795       0.4687499701976776       0.2849999964237213
  796       0.4999999701976776       0.2849999964237213
  797       0.5312500000000000       0.2849999964237213
  798       0.5625000000000000       0.2849999964237213
  799       0.5937499403953552       0.2849999964237213
  800       0.6249999403953552       0.2849999964237213
  801       0.6562500000000000       0.2849999964237213
  802       0.6874999403953552       0.2849999964237213
  803       0.7187500000000000       0.2849999964237213
  804       0.7499999403953552       0.2849999964237213
  805       0.7812499403953552       0.2849999964237213
  806       0.8125000000000000       0.2849999964237213
  807       0.8437499403953552       0.2849999964237213
  808       0.8749998807907104       0.2849999964237213
  809       0.9062499403953552       0.2849999964237213
  810       0.9374999403953552       0.2849999964237213
  811       0.9687500000000000       0.2849999964237213
  812       0.9999999403953552       0.2849999964237213
  813       1.0312498807907104       0.2849999964237213
  814       1.0625000000000000       0.2849999964237213
  815       1.0937498807907104       0.2849999964237213
  816       1.1250000000000000       0.2849999964237213
  817       1.1562500000000000       0.2849999964237213
  818       1.1874998807907104       0.2849999964237213
  819       1.2187500000000000       0.2849999964237213
  820       1.2500000000000000       0.2849999964237213
  821       0.0000000000000000       0.3000000119209290
  822       0.0312499981373549       0.3000000119209290
  823       0.0624999962747097       0.3000000119209290
  824       0.0937499925494194       0.3000000119209290
  825       0.1249999925494194       0.3000000119209290
  826       0.1562499850988388       0.3000000119209290
  827       0.1874999850988388       0.3000000119209290
  828       0.2187499701976776       0.3000000119209290
  829       0.2499999850988388       0.3000000119209290
  830       0.2812500000000000       0.3000000119209290
  831       0.3124999701976776       0.3000000119209290
  832       0.3437499701976776       0.3000000119209290
  833       0.3749999701976776       0.3000000119209290
  834       0.4062500000000000       0.3000000119209290
  835       0.4374999403953552       0.3000000119209290
  836       0.4687499701976776       0.3000000119209290
  837       0.4999999701976776       0.3000000119209290
  838       0.5312500000000000       0.3000000119209290
  839       0.5625000000000000       0.3000000119209290
  840       0.5937499403953552       0.3000000119209290
  841       0.6249999403953552       0.3000000119209290
  842       0.6562500000000000       0.3000000119209290
  843       0.6874999403953552       0.3000000119209290
  844       0.7187500000000000       0.3000000119209290
  845       0.7499999403953552       0.3000000119209290
  846       0.7812499403953552       0.3000000119209290
  847       0.8125000000000000       0.3000000119209290
  848       0.8437499403953552       0.3000000119209290
  849       0.8749998807907104       0.3000000119209290
  850       0.9062499403953552       0.3000000119209290
  851       0.9374999403953552       0.3000000119209290
  852       0.9687500000000000       0.3000000119209290
  853       0.9999999403953552       0.3000000119209290
  854       1.0312498807907104       0.3000000119209290
  855       1.0625000000000000       0.3000000119209290
  856       1.0937498807907104       0.3000000119209290
  857       1.1250000000000000       0.3000000119209290
  858       1.1562500000000000       0.3000000119209290
  859       1.1874998807907104       0.3000000119209290
  860       1.2187500000000000       0.3000000119209290
  861       1.2500000000000000       0.3000000119209290
  862       0.0000000000000000       0.3149999976158142
  863       0.0312499981373549       0.3149999976158142
  864       0.0624999962747097       0.3149999976158142
  865       0.0937499925494194       0.3149999976158142
  866       0.1249999925494194       0.3149999976158142
  867       0.1562499850988388       0.3149999976158142
  868       0.1874999850988388       0.3149999976158142
  869       0.2187499701976776       0.3149999976158142
  870       0.2499999850988388       0.3149999976158142
  871       0.2812500000000000       0.3149999976158142
  872       0.3124999701976776       0.3149999976158142
  873       0.3437499701976776       0.3149999976158142
  874       0.3749999701976776       0.3149999976158142
  875       0.4062500000000000       0.3149999976158142
  876       0.4374999403953552       0.3149999976158142
  877       0.4687499701976776       0.3149999976158142
  878       0.4999999701976776       0.3149999976158142
  879       0.5312500000000000       0.3149999976158142
  880       0.5625000000000000       0.3149999976158142
  881       0.5937499403953552       0.3149999976158142
  882       0.6249999403953552       0.3149999976158142
  883       0.6562500000000000       0.3149999976158142
  884       0.6874999403953552       0.3149999976158142
  885       0.7187500000000000       0.3149999976158142
  886       0.7499999403953552       0.3149999976158142
  887       0.7812499403953552       0.3149999976158142
  888       0.8125000000000000       0.3149999976158142
  889       0.8437499403953552       0.3149999976158142
  890       0.8749998807907104       0.3149999976158142
  891       0.9062499403953552       0.3149999976158142
  892       0.9374999403953552       0.3149999976158142
  893       0.9687500000000000       0.3149999976158142
  894       0.9999999403953552       0.3149999976158142
  895       1.0312498807907104       0.3149999976158142
  896       1.0625000000000000       0.3149999976158142
  897       1.0937498807907104       0.3149999976158142
  898       1.1250000000000000       0.3149999976158142
  899       1.1562500000000000       0.3149999976158142
  900       1.1874998807907104       0.3149999976158142
  901       1.2187500000000000       0.3149999976158142
  902       1.2500000000000000       0.3149999976158142
  903       0.0000000000000000       0.3300000131130219
  904       0.0312499981373549       0.3300000131130219
  905       0.0624999962747097       0.3300000131130219
  906       0.0937499925494194       0.3300000131130219
  907       0.1249999925494194       0.3300000131130219
  908       0.1562499850988388       0.3300000131130219
  909       0.1874999850988388       0.3300000131130219
  910       0.2187499701976776       0.3300000131130219
  911       0.2499999850988388       0.3300000131130219
  912       0.2812500000000000       0.3300000131130219
  913       0.3124999701976776       0.3300000131130219
  914       0.3437499701976776       0.3300000131130219
  915       0.3749999701976776       0.3300000131130219
  916       0.4062500000000000       0.3300000131130219
  917       0.4374999403953552       0.3300000131130219
  918       0.4687499701976776       0.3300000131130219
  919       0.4999999701976776       0.3300000131130219
  920       0.5312500000000000       0.3300000131130219
  921       0.5625000000000000       0.3300000131130219
  922       0.5937499403953552       0.3300000131130219
  923       0.6249999403953552       0.3300000131130219
  924       0.6562500000000000       0.3300000131130219
  925       0.6874999403953552       0.3300000131130219
  926       0.7187500000000000       0.3300000131130219
  927       0.7499999403953552       0.3300000131130219
  928       0.7812499403953552       0.3300000131130219
  929       0.8125000000000000       0.3300000131130219
  930       0.8437499403953552       0.3300000131130219
  931       0.8749998807907104       0.3300000131130219
  932       0.9062499403953552       0.3300000131130219
  933       0.9374999403953552       0.3300000131130219
  934       0.9687500000000000       0.3300000131130219
  935       0.9999999403953552       0.3300000131130219
  936       1.0312498807907104       0.3300000131130219
  937       1.0625000000000000       0.3300000131130219
  938       1.0937498807907104       0.3300000131130219
  939       1.1250000000000000       0.3300000131130219
  940       1.1562500000000000       0.3300000131130219
  941       1.1874998807907104       0.3300000131130219
  942       1.2187500000000000       0.3300000131130219
  943       1.2500000000000000       0.3300000131130219
  944       0.0000000000000000       0.3449999988079071
  945       0.0312499981373549       0.3449999988079071
  946       0.0624999962747097       0.3449999988079071
  947       0.0937499925494194       0.3449999988079071
  948       0.1249999925494194       0.3449999988079071
  949       0.1562499850988388       0.3449999988079071
  950       0.1874999850988388       0.3449999988079071
  951       0.2187499701976776       0.3449999988079071
  952       0.2499999850988388       0.3449999988079071
  953       0.2812500000000000       0.3449999988079071
  954       0.3124999701976776       0.3449999988079071
  955       0.3437499701976776       0.3449999988079071
  956       0.3749999701976776       0.3449999988079071
  957       0.4062500000000000       0.3449999988079071
  958       0.4374999403953552       0.3449999988079071
  959       0.4687499701976776       0.3449999988079071
  960       0.4999999701976776       0.3449999988079071
  961       0.5312500000000000       0.3449999988079071
  962       0.5625000000000000       0.3449999988079071
  963       0.5937499403953552       0.3449999988079071
  964       0.6249999403953552       0.3449999988079071
  965       0.6562500000000000       0.3449999988079071
  966       0.6874999403953552       0.3449999988079071
  967       0.7187500000000000       0.3449999988079071
  968       0.7499999403953552       0.3449999988079071
  969       0.7812499403953552       0.3449999988079071
  970       0.8125000000000000       0.3449999988079071
  971       0.8437499403953552       0.3449999988079071
  972       0.8749998807907104       0.3449999988079071
  973       0.9062499403953552       0.3449999988079071
  974       0.9374999403953552       0.3449999988079071
  975       0.9687500000000000       0.3449999988079071
  976       0.9999999403953552       0.3449999988079071
  977       1.0312498807907104       0.3449999988079071
  978       1.0625000000000000       0.3449999988079071
  979       1.0937498807907104       0.3449999988079071
  980       1.1250000000000000       0.3449999988079071
  981       1.1562500000000000       0.3449999988079071
  982       1.1874998807907104       0.3449999988079071
  983       1.2187500000000000       0.3449999988079071
  984       1.2500000000000000       0.3449999988079071
  985       0.0000000000000000       0.3600000143051147
  986       0.0312499981373549       0.3600000143051147
  987       0.0624999962747097       0.3600000143051147
  988       0.0937499925494194       0.3600000143051147
  989       0.1249999925494194       0.3600000143051147
  990       0.1562499850988388       0.3600000143051147
  991       0.1874999850988388       0.3600000143051147
  992       0.2187499701976776       0.3600000143051147
  993       0.2499999850988388       0.3600000143051147
  994       0.2812500000000000       0.3600000143051147
  995       0.3124999701976776       0.3600000143051147
  996       0.3437499701976776       0.3600000143051147
  997       0.3749999701976776       0.3600000143051147
  998       0.4062500000000000       0.3600000143051147
  999       0.4374999403953552       0.3600000143051147
 1000       0.4687499701976776       0.3600000143051147
 1001       0.4999999701976776       0.3600000143051147
 1002       0.5312500000000000       0.3600000143051147
 1003       0.5625000000000000       0.3600000143051147
 1004       0.5937499403953552       0.3600000143051147
 1005       0.6249999403953552       0.3600000143051147
 1006       0.6562500000000000       0.3600000143051147
 1007       0.6874999403953552       0.3600000143051147
 1008       0.7187500000000000       0.3600000143051147
 1009       0.7499999403953552       0.3600000143051147
 1010       0.7812499403953552       0.3600000143051147
 1011       0.8125000000000000       0.3600000143051147
 1012       0.8437499403953552       0.3600000143051147
 1013       0.8749998807907104       0.3600000143051147
 1014       0.9062499403953552       0.3600000143051147
 1015       0.9374999403953552       0.3600000143051147
 1016       0.9687500000000000       0.3600000143051147
 1017       0.9999999403953552       0.3600000143051147
 1018       1.0312498807907104       0.3600000143051147
 1019       1.0625000000000000       0.3600000143051147
 1020       1.0937498807907104       0.3600000143051147
 1021       1.1250000000000000       0.3600000143051147
 1022       1.1562500000000000       0.3600000143051147
 1023       1.1874998807907104       0.3600000143051147
 1024       1.2187500000000000       0.3600000143051147
 1025       1.2500000000000000       0.3600000143051147
 1026       0.0000000000000000       0.3750000000000000
 1027       0.0312499981373549       0.3750000000000000
 1028       0.0624999962747097       0.3750000000000000
 1029       0.0937499925494194       0.3750000000000000
 1030       0.1249999925494194       0.3750000000000000
 1031       0.1562499850988388       0.3750000000000000
 1032       0.1874999850988388       0.3750000000000000
 1033       0.2187499701976776       0.3750000000000000
 1034       0.2499999850988388       0.3750000000000000
 1035       0.2812500000000000       0.3750000000000000
 1036       0.3124999701976776       0.3750000000000000
 1037       0.3437499701976776       0.3750000000000000
 1038       0.3749999701976776       0.3750000000000000
 1039       0.4062500000000000       0.3750000000000000
 1040       0.4374999403953552       0.3750000000000000
 1041       0.4687499701976776       0.3750000000000000
 1042       0.4999999701976776       0.3750000000000000
 1043       0.5312500000000000       0.3750000000000000
 1044       0.5625000000000000       0.3750000000000000
 1045       0.5937499403953552       0.3750000000000000
 1046       0.6249999403953552       0.3750000000000000
 1047       0.6562500000000000       0.3750000000000000
 1048       0.6874999403953552       0.3750000000000000
 1049       0.7187500000000000       0.3750000000000000
 1050       0.7499999403953552       0.3750000000000000
 1051       0.7812499403953552       0.3750000000000000
 1052       0.8125000000000000       0.3750000000000000
 1053       0.8437499403953552       0.3750000000000000
 1054       0.8749998807907104       0.3750000000000000
 1055       0.9062499403953552       0.3750000000000000
 1056       0.9374999403953552       0.3750000000000000
 1057       0.9687500000000000       0.3750000000000000
 1058       0.9999999403953552       0.3750000000000000
 1059       1.0312498807907104       0.3750000000000000
 1060       1.0625000000000000       0.3750000000000000
 1061       1.0937498807907104       0.3750000000000000
 1062       1.1250000000000000       0.3750000000000000
 1063       1.1562500000000000       0.3750000000000000
 1064       1.1874998807907104       0.3750000000000000
 1065       1.2187500000000000       0.3750000000000000
 1066       1.2500000000000000       0.3750000000000000
 1067       0.0000000000000000       0.3900000154972076
 1068       0.0312499981373549       0.3900000154972076
 1069       0.0624999962747097       0.3900000154972076
 1070       0.0937499925494194       0.3900000154972076
 1071       0.1249999925494194       0.3900000154972076
 1072       0.1562499850988388       0.3900000154972076
 1073       0.1874999850988388       0.3900000154972076
 1074       0.2187499701976776       0.3900000154972076
 1075       0.2499999850988388       0.3900000154972076
 1076       0.2812500000000000       0.3900000154972076
 1077       0.3124999701976776       0.3900000154972076
 1078       0.3437499701976776       0.3900000154972076
 1079       0.3749999701976776       0.3900000154972076
 1080       0.4062500000000000       0.3900000154972076
 1081       0.4374999403953552       0.3900000154972076
 1082       0.4687499701976776       0.3900000154972076
 1083       0.4999999701976776       0.3900000154972076
 1084       0.5312500000000000       0.3900000154972076
 1085       0.5625000000000000       0.3900000154972076
 1086       0.5937499403953552       0.3900000154972076
 1087       0.6249999403953552       0.3900000154972076
 1088       0.6562500000000000       0.3900000154972076
 1089       0.6874999403953552       0.3900000154972076
 1090       0.7187500000000000       0.3900000154972076
 1091       0.7499999403953552       0.3900000154972076
 1092       0.7812499403953552       0.3900000154972076
 1093       0.8125000000000000       0.3900000154972076
 1094       0.8437499403953552       0.3900000154972076
 1095       0.8749998807907104       0.3900000154972076
 1096       0.9062499403953552       0.3900000154972076
 1097       0.9374999403953552       0.3900000154972076
 1098       0.9687500000000000       0.3900000154972076
 1099       0.9999999403953552       0.3900000154972076
 1100       1.0312498807907104       0.3900000154972076
 1101       1.0625000000000000       0.3900000154972076
 1102       1.0937498807907104       0.3900000154972076
 1103       1.1250000000000000       0.3900000154972076
 1104       1.1562500000000000       0.3900000154972076
 1105       1.1874998807907104       0.3900000154972076
 1106       1.2187500000000000       0.3900000154972076
 1107       1.2500000000000000       0.3900000154972076
 1108       0.0000000000000000       0.4050000309944153
 1109       0.0312499981373549       0.4050000309944153
 1110       0.0624999962747097       0.4050000309944153
 1111       0.0937499925494194       0.4050000309944153
 1112       0.1249999925494194       0.4050000309944153
 1113       0.1562499850988388       0.4050000309944153
 1114       0.1874999850988388       0.4050000309944153
 1115       0.2187499701976776       0.4050000309944153
 1116       0.2499999850988388       0.4050000309944153
 1117       0.2812500000000000       0.4050000309944153
 1118       0.3124999701976776       0.4050000309944153
 1119       0.3437499701976776       0.4050000309944153
 1120       0.3749999701976776       0.4050000309944153
 1121       0.4062500000000000       0.4050000309944153
 1122       0.4374999403953552       0.4050000309944153
 1123       0.4687499701976776       0.4050000309944153
 1124       0.4999999701976776       0.4050000309944153
 1125       0.5312500000000000       0.4050000309944153
 1126       0.5625000000000000       0.4050000309944153
 1127       0.5937499403953552       0.4050000309944153
 1128       0.6249999403953552       0.4050000309944153
 1129       0.6562500000000000       0.4050000309944153
 1130       0.6874999403953552       0.4050000309944153
 1131       0.7187500000000000       0.4050000309944153
 1132       0.7499999403953552       0.4050000309944153
 1133       0.7812499403953552       0.4050000309944153
 1134       0.8125000000000000       0.4050000309944153
 1135       0.8437499403953552       0.4050000309944153
 1136       0.8749998807907104       0.4050000309944153
 1137       0.9062499403953552       0.4050000309944153
 1138       0.9374999403953552       0.4050000309944153
 1139       0.9687500000000000       0.4050000309944153
 1140       0.9999999403953552       0.4050000309944153
 1141       1.0312498807907104       0.4050000309944153
 1142       1.0625000000000000       0.4050000309944153
 1143       1.0937498807907104       0.4050000309944153
 1144       1.1250000000000000       0.4050000309944153
 1145       1.1562500000000000       0.4050000309944153
 1146       1.1874998807907104       0.4050000309944153
 1147       1.2187500000000000       0.4050000309944153
 1148       1.2500000000000000       0.4050000309944153
 1149       0.0000000000000000       0.4200000166893005
 1150       0.0312499981373549       0.4200000166893005
 1151       0.0624999962747097       0.4200000166893005
 1152       0.0937499925494194       0.4200000166893005
 1153       0.1249999925494194       0.4200000166893005
 1154       0.1562499850988388       0.4200000166893005
 1155       0.1874999850988388       0.4200000166893005
 1156       0.2187499701976776       0.4200000166893005
 1157       0.2499999850988388       0.4200000166893005
 1158       0.2812500000000000       0.4200000166893005
 1159       0.3124999701976776       0.4200000166893005
 1160       0.3437499701976776       0.4200000166893005
 1161       0.3749999701976776       0.4200000166893005
 1162       0.4062500000000000       0.4200000166893005
 1163       0.4374999403953552       0.4200000166893005
 1164       0.4687499701976776       0.4200000166893005
 1165       0.4999999701976776       0.4200000166893005
 1166       0.5312500000000000       0.4200000166893005
 1167       0.5625000000000000       0.4200000166893005
 1168       0.5937499403953552       0.4200000166893005
 1169       0.6249999403953552       0.4200000166893005
 1170       0.6562500000000000       0.4200000166893005
 1171       0.6874999403953552       0.4200000166893005
 1172       0.7187500000000000       0.4200000166893005
 1173       0.7499999403953552       0.4200000166893005
 1174       0.7812499403953552       0.4200000166893005
 1175       0.8125000000000000       0.4200000166893005
 1176       0.8437499403953552       0.4200000166893005
 1177       0.8749998807907104       0.4200000166893005
 1178       0.9062499403953552       0.4200000166893005
 1179       0.9374999403953552       0.4200000166893005
 1180       0.9687500000000000       0.4200000166893005
 1181       0.9999999403953552       0.4200000166893005
 1182       1.0312498807907104       0.4200000166893005
 1183       1.0625000000000000       0.4200000166893005
 1184       1.0937498807907104       0.4200000166893005
 1185       1.1250000000000000       0.4200000166893005
 1186       1.1562500000000000       0.4200000166893005
 1187       1.1874998807907104       0.4200000166893005
 1188       1.2187500000000000       0.4200000166893005
 1189       1.2500000000000000       0.4200000166893005
 1190       0.0000000000000000       0.4350000321865082
 1191       0.0312499981373549       0.4350000321865082
 1192       0.0624999962747097       0.4350000321865082
 1193       0.0937499925494194       0.4350000321865082
 1194       0.1249999925494194       0.4350000321865082
 1195       0.1562499850988388       0.4350000321865082
 1196       0.1874999850988388       0.4350000321865082
 1197       0.2187499701976776       0.4350000321865082
 1198       0.2499999850988388       0.4350000321865082
 1199       0.2812500000000000       0.4350000321865082
 1200       0.3124999701976776       0.4350000321865082
 1201       0.3437499701976776       0.4350000321865082
 1202       0.3749999701976776       0.4350000321865082
 1203       0.4062500000000000       0.4350000321865082
 1204       0.4374999403953552       0.4350000321865082
 1205       0.4687499701976776       0.4350000321865082
 1206       0.4999999701976776       0.4350000321865082
 1207       0.5312500000000000       0.4350000321865082
 1208       0.5625000000000000       0.4350000321865082
 1209       0.5937499403953552       0.4350000321865082
 1210       0.6249999403953552       0.4350000321865082
 1211       0.6562500000000000       0.4350000321865082
 1212       0.6874999403953552       0.4350000321865082
 1213       0.7187500000000000       0.4350000321865082
 1214       0.7499999403953552       0.4350000321865082
 1215       0.7812499403953552       0.4350000321865082
 1216       0.8125000000000000       0.4350000321865082
 1217       0.8437499403953552       0.4350000321865082
 1218       0.8749998807907104       0.4350000321865082
 1219       0.9062499403953552       0.4350000321865082
 1220       0.9374999403953552       0.4350000321865082
 1221       0.9687500000000000       0.4350000321865082
 1222       0.9999999403953552       0.4350000321865082
 1223       1.0312498807907104       0.4350000321865082
 1224       1.0625000000000000       0.4350000321865082
 1225       1.0937498807907104       0.4350000321865082
 1226       1.1250000000000000       0.4350000321865082
 1227       1.1562500000000000       0.4350000321865082
 1228       1.1874998807907104       0.4350000321865082
 1229       1.2187500000000000       0.4350000321865082
 1230       1.2500000000000000       0.4350000321865082
 1231       0.0000000000000000       0.4500000178813934
 1232       0.0312499981373549       0.4500000178813934
 1233       0.0624999962747097       0.4500000178813934
 1234       0.0937499925494194       0.4500000178813934
 1235       0.1249999925494194       0.4500000178813934
 1236       0.1562499850988388       0.4500000178813934
 1237       0.1874999850988388       0.4500000178813934
 1238       0.2187499701976776       0.4500000178813934
 1239       0.2499999850988388       0.4500000178813934
 1240       0.2812500000000000       0.4500000178813934
 1241       0.3124999701976776       0.4500000178813934
 1242       0.3437499701976776       0.4500000178813934
 1243       0.3749999701976776       0.4500000178813934
 1244       0.4062500000000000       0.4500000178813934
 1245       0.4374999403953552       0.4500000178813934
 1246       0.4687499701976776       0.4500000178813934
 1247       0.4999999701976776       0.4500000178813934
 1248       0.5312500000000000       0.4500000178813934
 1249       0.5625000000000000       0.4500000178813934
 1250       0.5937499403953552       0.4500000178813934
 1251       0.6249999403953552       0.4500000178813934
 1252       0.6562500000000000       0.4500000178813934
 1253       0.6874999403953552       0.4500000178813934
 1254       0.7187500000000000       0.4500000178813934
 1255       0.7499999403953552       0.4500000178813934
 1256       0.7812499403953552       0.4500000178813934
 1257       0.8125000000000000       0.4500000178813934
 1258       0.8437499403953552       0.4500000178813934
 1259       0.8749998807907104       0.4500000178813934
 1260       0.9062499403953552       0.4500000178813934
 1261       0.9374999403953552       0.4500000178813934
 1262       0.9687500000000000       0.4500000178813934
 1263       0.9999999403953552       0.4500000178813934
 1264       1.0312498807907104       0.4500000178813934
 1265       1.0625000000000000       0.4500000178813934
 1266       1.0937498807907104       0.4500000178813934
 1267       1.1250000000000000       0.4500000178813934
 1268       1.1562500000000000       0.4500000178813934
 1269       1.1874998807907104       0.4500000178813934
 1270       1.2187500000000000       0.4500000178813934
 1271       1.2500000000000000       0.4500000178813934
 1272       0.0000000000000000       0.4650000035762787
 1273       0.0312499981373549       0.4650000035762787
 1274       0.0624999962747097       0.4650000035762787
 1275       0.0937499925494194       0.4650000035762787
 1276       0.1249999925494194       0.4650000035762787
 1277       0.1562499850988388       0.4650000035762787
 1278       0.1874999850988388       0.4650000035762787
 1279       0.2187499701976776       0.4650000035762787
 1280       0.2499999850988388       0.4650000035762787
 1281       0.2812500000000000       0.4650000035762787
 1282       0.3124999701976776       0.4650000035762787
 1283       0.3437499701976776       0.4650000035762787
 1284       0.3749999701976776       0.4650000035762787
 1285       0.4062500000000000       0.4650000035762787
 1286       0.4374999403953552       0.4650000035762787
 1287       0.4687499701976776       0.4650000035762787
 1288       0.4999999701976776       0.4650000035762787
 1289       0.5312500000000000       0.4650000035762787
 1290       0.5625000000000000       0.4650000035762787
 1291       0.5937499403953552       0.4650000035762787
 1292       0.6249999403953552       0.4650000035762787
 1293       0.6562500000000000       0.4650000035762787
 1294       0.6874999403953552       0.4650000035762787
 1295       0.7187500000000000       0.4650000035762787
 1296       0.7499999403953552       0.4650000035762787
 1297       0.7812499403953552       0.4650000035762787
 1298       0.8125000000000000       0.4650000035762787
 1299       0.8437499403953552       0.4650000035762787
 1300       0.8749998807907104       0.4650000035762787
 1301       0.9062499403953552       0.4650000035762787
 1302       0.9374999403953552       0.4650000035762787
 1303       0.9687500000000000       0.4650000035762787
 1304       0.9999999403953552       0.4650000035762787
 1305       1.0312498807907104       0.4650000035762787
 1306       1.0625000000000000       0.4650000035762787
 1307       1.0937498807907104       0.4650000035762787
 1308       1.1250000000000000       0.4650000035762787
 1309       1.1562500000000000       0.4650000035762787
 1310       1.1874998807907104       0.4650000035762787
 1311       1.2187500000000000       0.4650000035762787
 1312       1.2500000000000000       0.4650000035762787
 1313       0.0000000000000000       0.4800000190734863
 1314       0.0312499981373549       0.4800000190734863
 1315       0.0624999962747097       0.4800000190734863
 1316       0.0937499925494194       0.4800000190734863
 1317       0.1249999925494194       0.4800000190734863
 1318       0.1562499850988388       0.4800000190734863
 1319       0.1874999850988388       0.4800000190734863
 1320       0.2187499701976776       0.4800000190734863
 1321       0.2499999850988388       0.4800000190734863
 1322       0.2812500000000000       0.4800000190734863
 1323       0.3124999701976776       0.4800000190734863
 1324       0.3437499701976776       0.4800000190734863
 1325       0.3749999701976776       0.4800000190734863
 1326       0.4062500000000000       0.4800000190734863
 1327       0.4374999403953552       0.4800000190734863
 1328       0.4687499701976776       0.4800000190734863
 1329       0.4999999701976776       0.4800000190734863
 1330       0.5312500000000000       0.4800000190734863
 1331       0.5625000000000000       0.4800000190734863
 1332       0.5937499403953552       0.4800000190734863
 1333       0.6249999403953552       0.4800000190734863
 1334       0.6562500000000000       0.4800000190734863
 1335       0.6874999403953552       0.4800000190734863
 1336       0.7187500000000000       0.4800000190734863
 1337       0.7499999403953552       0.4800000190734863
 1338       0.7812499403953552       0.4800000190734863
 1339       0.8125000000000000       0.4800000190734863
 1340       0.8437499403953552       0.4800000190734863
 1341       0.8749998807907104       0.4800000190734863
 1342       0.9062499403953552       0.4800000190734863
 1343       0.9374999403953552       0.4800000190734863
 1344       0.9687500000000000       0.4800000190734863
 1345       0.9999999403953552       0.4800000190734863
 1346       1.0312498807907104       0.4800000190734863
 1347       1.0625000000000000       0.4800000190734863
 1348       1.0937498807907104       0.4800000190734863
 1349       1.1250000000000000       0.4800000190734863
 1350       1.1562500000000000       0.4800000190734863
 1351       1.1874998807907104       0.4800000190734863
 1352       1.2187500000000000       0.4800000190734863
 1353       1.2500000000000000       0.4800000190734863
 1354       0.0000000000000000       0.4950000047683716
 1355       0.0312499981373549       0.4950000047683716
 1356       0.0624999962747097       0.4950000047683716
 1357       0.0937499925494194       0.4950000047683716
 1358       0.1249999925494194       0.4950000047683716
 1359       0.1562499850988388       0.4950000047683716
 1360       0.1874999850988388       0.4950000047683716
 1361       0.2187499701976776       0.4950000047683716
 1362       0.2499999850988388       0.4950000047683716
 1363       0.2812500000000000       0.4950000047683716
 1364       0.3124999701976776       0.4950000047683716
 1365       0.3437499701976776       0.4950000047683716
 1366       0.3749999701976776       0.4950000047683716
 1367       0.4062500000000000       0.4950000047683716
 1368       0.4374999403953552       0.4950000047683716
 1369       0.4687499701976776       0.4950000047683716
 1370       0.4999999701976776       0.4950000047683716
 1371       0.5312500000000000       0.4950000047683716
 1372       0.5625000000000000       0.4950000047683716
 1373       0.5937499403953552       0.4950000047683716
 1374       0.6249999403953552       0.4950000047683716
 1375       0.6562500000000000       0.4950000047683716
 1376       0.6874999403953552       0.4950000047683716
 1377       0.7187500000000000       0.4950000047683716
 1378       0.7499999403953552       0.4950000047683716
 1379       0.7812499403953552       0.4950000047683716
 1380       0.8125000000000000       0.4950000047683716
 1381       0.8437499403953552       0.4950000047683716
 1382       0.8749998807907104       0.4950000047683716
 1383       0.9062499403953552       0.4950000047683716
 1384       0.9374999403953552       0.4950000047683716
 1385       0.9687500000000000       0.4950000047683716
 1386       0.9999999403953552       0.4950000047683716
 1387       1.0312498807907104       0.4950000047683716
 1388       1.0625000000000000       0.4950000047683716
 1389       1.0937498807907104       0.4950000047683716
 1390       1.1250000000000000       0.4950000047683716
 1391       1.1562500000000000       0.4950000047683716
 1392       1.1874998807907104       0.4950000047683716
 1393       1.2187500000000000       0.4950000047683716
 1394       1.2500000000000000       0.4950000047683716
 1395       0.0000000000000000       0.5100000500679016
 1396       0.0312499981373549       0.5100000500679016
 1397       0.0624999962747097       0.5100000500679016
 1398       0.0937499925494194       0.5100000500679016
 1399       0.1249999925494194       0.5100000500679016
 1400       0.1562499850988388       0.5100000500679016
 1401       0.1874999850988388       0.5100000500679016
 1402       0.2187499701976776       0.5100000500679016
 1403       0.2499999850988388       0.5100000500679016
 1404       0.2812500000000000       0.5100000500679016
 1405       0.3124999701976776       0.5100000500679016
 1406       0.3437499701976776       0.5100000500679016
 1407       0.3749999701976776       0.5100000500679016
 1408       0.4062500000000000       0.5100000500679016
 1409       0.4374999403953552       0.5100000500679016
 1410       0.4687499701976776       0.5100000500679016
 1411       0.4999999701976776       0.5100000500679016
 1412       0.5312500000000000       0.5100000500679016
 1413       0.5625000000000000       0.5100000500679016
 1414       0.5937499403953552       0.5100000500679016
 1415       0.6249999403953552       0.5100000500679016
 1416       0.6562500000000000       0.5100000500679016
 1417       0.6874999403953552       0.5100000500679016
 1418       0.7187500000000000       0.5100000500679016
 1419       0.7499999403953552       0.5100000500679016
 1420       0.7812499403953552       0.5100000500679016
 1421       0.8125000000000000       0.5100000500679016
 1422       0.8437499403953552       0.5100000500679016
 1423       0.8749998807907104       0.5100000500679016
 1424       0.9062499403953552       0.5100000500679016
 1425       0.9374999403953552       0.5100000500679016
 1426       0.9687500000000000       0.5100000500679016
 1427       0.9999999403953552       0.5100000500679016
 1428       1.0312498807907104       0.5100000500679016
 1429       1.0625000000000000       0.5100000500679016
 1430       1.0937498807907104       0.5100000500679016
 1431       1.1250000000000000       0.5100000500679016
 1432       1.1562500000000000       0.5100000500679016
 1433       1.1874998807907104       0.5100000500679016
 1434       1.2187500000000000       0.5100000500679016
 1435       1.2500000000000000       0.5100000500679016
 1436       0.0000000000000000       0.5250000357627869
 1437       0.0312499981373549       0.5250000357627869
 1438       0.0624999962747097       0.5250000357627869
 1439       0.0937499925494194       0.5250000357627869
 1440       0.1249999925494194       0.5250000357627869
 1441       0.1562499850988388       0.5250000357627869
 1442       0.1874999850988388       0.5250000357627869
 1443       0.2187499701976776       0.5250000357627869
 1444       0.2499999850988388       0.5250000357627869
 1445       0.2812500000000000       0.5250000357627869
 1446       0.3124999701976776       0.5250000357627869
 1447       0.3437499701976776       0.5250000357627869
 1448       0.3749999701976776       0.5250000357627869
 1449       0.4062500000000000       0.5250000357627869
 1450       0.4374999403953552       0.5250000357627869
 1451       0.4687499701976776       0.5250000357627869
 1452       0.4999999701976776       0.5250000357627869
 1453       0.5312500000000000       0.5250000357627869
 1454       0.5625000000000000       0.5250000357627869
 1455       0.5937499403953552       0.5250000357627869
 1456       0.6249999403953552       0.5250000357627869
 1457       0.6562500000000000       0.5250000357627869
 1458       0.6874999403953552       0.5250000357627869
 1459       0.7187500000000000       0.5250000357627869
 1460       0.7499999403953552       0.5250000357627869
 1461       0.7812499403953552       0.5250000357627869
 1462       0.8125000000000000       0.5250000357627869
 1463       0.8437499403953552       0.5250000357627869
 1464       0.8749998807907104       0.5250000357627869
 1465       0.9062499403953552       0.5250000357627869
 1466       0.9374999403953552       0.5250000357627869
 1467       0.9687500000000000       0.5250000357627869
 1468       0.9999999403953552       0.5250000357627869
 1469       1.0312498807907104       0.5250000357627869
 1470       1.0625000000000000       0.5250000357627869
 1471       1.0937498807907104       0.5250000357627869
 1472       1.1250000000000000       0.5250000357627869
 1473       1.1562500000000000       0.5250000357627869
 1474       1.1874998807907104       0.5250000357627869
 1475       1.2187500000000000       0.5250000357627869
 1476       1.2500000000000000       0.5250000357627869
 1477       0.0000000000000000       0.5400000214576721
 1478       0.0312499981373549       0.5400000214576721
 1479       0.0624999962747097       0.5400000214576721
 1480       0.0937499925494194       0.5400000214576721
 1481       0.1249999925494194       0.5400000214576721
 1482       0.1562499850988388       0.5400000214576721
 1483       0.1874999850988388       0.5400000214576721
 1484       0.2187499701976776       0.5400000214576721
 1485       0.2499999850988388       0.5400000214576721
 1486       0.2812500000000000       0.5400000214576721
 1487       0.3124999701976776       0.5400000214576721
 1488       0.3437499701976776       0.5400000214576721
 1489       0.3749999701976776       0.5400000214576721
 1490       0.4062500000000000       0.5400000214576721
 1491       0.4374999403953552       0.5400000214576721
 1492       0.4687499701976776       0.5400000214576721
 1493       0.4999999701976776       0.5400000214576721
 1494       0.5312500000000000       0.5400000214576721
 1495       0.5625000000000000       0.5400000214576721
 1496       0.5937499403953552       0.5400000214576721
 1497       0.6249999403953552       0.5400000214576721
 1498       0.6562500000000000       0.5400000214576721
 1499       0.6874999403953552       0.5400000214576721
 1500       0.7187500000000000       0.5400000214576721
 1501       0.7499999403953552       0.5400000214576721
 1502       0.7812499403953552       0.5400000214576721
 1503       0.8125000000000000       0.5400000214576721
 1504       0.8437499403953552       0.5400000214576721
 1505       0.8749998807907104       0.5400000214576721
 1506       0.9062499403953552       0.5400000214576721
 1507       0.9374999403953552       0.5400000214576721
 1508       0.9687500000000000       0.5400000214576721
 1509       0.9999999403953552       0.5400000214576721
 1510       1.0312498807907104       0.5400000214576721
 1511       1.0625000000000000       0.5400000214576721
 1512       1.0937498807907104       0.5400000214576721
 1513       1.1250000000000000       0.5400000214576721
 1514       1.1562500000000000       0.5400000214576721
 1515       1.1874998807907104       0.5400000214576721
 1516       1.2187500000000000       0.5400000214576721
 1517       1.2500000000000000       0.5400000214576721
 1518       0.0000000000000000       0.5550000071525574
 1519       0.0312499981373549       0.5550000071525574
 1520       0.0624999962747097       0.5550000071525574
 1521       0.0937499925494194       0.5550000071525574
 1522       0.1249999925494194       0.5550000071525574
 1523       0.1562499850988388       0.5550000071525574
 1524       0.1874999850988388       0.5550000071525574
 1525       0.2187499701976776       0.5550000071525574
 1526       0.2499999850988388       0.5550000071525574
 1527       0.2812500000000000       0.5550000071525574
 1528       0.3124999701976776       0.5550000071525574
 1529       0.3437499701976776       0.5550000071525574
 1530       0.3749999701976776       0.5550000071525574
 1531       0.4062500000000000       0.5550000071525574
 1532       0.4374999403953552       0.5550000071525574
 1533       0.4687499701976776       0.5550000071525574
 1534       0.4999999701976776       0.5550000071525574
 1535       0.5312500000000000       0.5550000071525574
 1536       0.5625000000000000       0.5550000071525574
 1537       0.5937499403953552       0.5550000071525574
 1538       0.6249999403953552       0.5550000071525574
 1539       0.6562500000000000       0.5550000071525574
 1540       0.6874999403953552       0.5550000071525574
 1541       0.7187500000000000       0.5550000071525574
 1542       0.7499999403953552       0.5550000071525574
 1543       0.7812499403953552       0.5550000071525574
 1544       0.8125000000000000       0.5550000071525574
 1545       0.8437499403953552       0.5550000071525574
 1546       0.8749998807907104       0.5550000071525574
 1547       0.9062499403953552       0.5550000071525574
 1548       0.9374999403953552       0.5550000071525574
 1549       0.9687500000000000       0.5550000071525574
 1550       0.9999999403953552       0.5550000071525574
 1551       1.0312498807907104       0.5550000071525574
 1552       1.0625000000000000       0.5550000071525574
 1553       1.0937498807907104       0.5550000071525574
 1554       1.1250000000000000       0.5550000071525574
 1555       1.1562500000000000       0.5550000071525574
 1556       1.1874998807907104       0.5550000071525574
 1557       1.2187500000000000       0.5550000071525574
 1558       1.2500000000000000       0.5550000071525574
 1559       0.0000000000000000       0.5699999928474426
 1560       0.0312499981373549       0.5699999928474426
 1561       0.0624999962747097       0.5699999928474426
 1562       0.0937499925494194       0.5699999928474426
 1563       0.1249999925494194       0.5699999928474426
 1564       0.1562499850988388       0.5699999928474426
 1565       0.1874999850988388       0.5699999928474426
 1566       0.2187499701976776       0.5699999928474426
 1567       0.2499999850988388       0.5699999928474426
 1568       0.2812500000000000       0.5699999928474426
 1569       0.3124999701976776       0.5699999928474426
 1570       0.3437499701976776       0.5699999928474426
 1571       0.3749999701976776       0.5699999928474426
 1572       0.4062500000000000       0.5699999928474426
 1573       0.4374999403953552       0.5699999928474426
 1574       0.4687499701976776       0.5699999928474426
 1575       0.4999999701976776       0.5699999928474426
 1576       0.5312500000000000       0.5699999928474426
 1577       0.5625000000000000       0.5699999928474426
 1578       0.5937499403953552       0.5699999928474426
 1579       0.6249999403953552       0.5699999928474426
 1580       0.6562500000000000       0.5699999928474426
 1581       0.6874999403953552       0.5699999928474426
 1582       0.7187500000000000       0.5699999928474426
 1583       0.7499999403953552       0.5699999928474426
 1584       0.7812499403953552       0.5699999928474426
 1585       0.8125000000000000       0.5699999928474426
 1586       0.8437499403953552       0.5699999928474426
 1587       0.8749998807907104       0.5699999928474426
 1588       0.9062499403953552       0.5699999928474426
 1589       0.9374999403953552       0.5699999928474426
 1590       0.9687500000000000       0.5699999928474426
 1591       0.9999999403953552       0.5699999928474426
 1592       1.0312498807907104       0.5699999928474426
 1593       1.0625000000000000       0.5699999928474426
 1594       1.0937498807907104       0.5699999928474426
 1595       1.1250000000000000       0.5699999928474426
 1596       1.1562500000000000       0.5699999928474426
 1597       1.1874998807907104       0.5699999928474426
 1598       1.2187500000000000       0.5699999928474426
 1599       1.2500000000000000       0.5699999928474426
 1600       0.0000000000000000       0.5850000381469727
 1601       0.0312499981373549       0.5850000381469727
 1602       0.0624999962747097       0.5850000381469727
 1603       0.0937499925494194       0.5850000381469727
 1604       0.1249999925494194       0.5850000381469727
 1605       0.1562499850988388       0.5850000381469727
 1606       0.1874999850988388       0.5850000381469727
 1607       0.2187499701976776       0.5850000381469727
 1608       0.2499999850988388       0.5850000381469727
 1609       0.2812500000000000       0.5850000381469727
 1610       0.3124999701976776       0.5850000381469727
 1611       0.3437499701976776       0.5850000381469727
 1612       0.3749999701976776       0.5850000381469727
 1613       0.4062500000000000       0.5850000381469727
 1614       0.4374999403953552       0.5850000381469727
 1615       0.4687499701976776       0.5850000381469727
 1616       0.4999999701976776       0.5850000381469727
 1617       0.5312500000000000       0.5850000381469727
 1618       0.5625000000000000       0.5850000381469727
 1619       0.5937499403953552       0.5850000381469727
 1620       0.6249999403953552       0.5850000381469727
 1621       0.6562500000000000       0.5850000381469727
 1622       0.6874999403953552       0.5850000381469727
 1623       0.7187500000000000       0.5850000381469727
 1624       0.7499999403953552       0.5850000381469727
 1625       0.7812499403953552       0.5850000381469727
 1626       0.8125000000000000       0.5850000381469727
 1627       0.8437499403953552       0.5850000381469727
 1628       0.8749998807907104       0.5850000381469727
 1629       0.9062499403953552       0.5850000381469727
 1630       0.9374999403953552       0.5850000381469727
 1631       0.9687500000000000       0.5850000381469727
 1632       0.9999999403953552       0.5850000381469727
 1633       1.0312498807907104       0.5850000381469727
 1634       1.0625000000000000       0.5850000381469727
 1635       1.0937498807907104       0.5850000381469727
 1636       1.1250000000000000       0.5850000381469727
 1637       1.1562500000000000       0.5850000381469727
 1638       1.1874998807907104       0.5850000381469727
 1639       1.2187500000000000       0.5850000381469727
 1640       1.2500000000000000       0.5850000381469727
 1641       0.0000000000000000       0.6000000238418579
 1642       0.0312499981373549       0.6000000238418579
 1643       0.0624999962747097       0.6000000238418579
 1644       0.0937499925494194       0.6000000238418579
 1645       0.1249999925494194       0.6000000238418579
 1646       0.1562499850988388       0.6000000238418579
 1647       0.1874999850988388       0.6000000238418579
 1648       0.2187499701976776       0.6000000238418579
 1649       0.2499999850988388       0.6000000238418579
 1650       0.2812500000000000       0.6000000238418579
 1651       0.3124999701976776       0.6000000238418579
 1652       0.3437499701976776       0.6000000238418579
 1653       0.3749999701976776       0.6000000238418579
 1654       0.4062500000000000       0.6000000238418579
 1655       0.4374999403953552       0.6000000238418579
 1656       0.4687499701976776       0.6000000238418579
 1657       0.4999999701976776       0.6000000238418579
 1658       0.5312500000000000       0.6000000238418579
 1659       0.5625000000000000       0.6000000238418579
 1660       0.5937499403953552       0.6000000238418579
 1661       0.6249999403953552       0.6000000238418579
 1662       0.6562500000000000       0.6000000238418579
 1663       0.6874999403953552       0.6000000238418579
 1664       0.7187500000000000       0.6000000238418579
 1665       0.7499999403953552       0.6000000238418579
 1666       0.7812499403953552       0.6000000238418579
 1667       0.8125000000000000       0.6000000238418579
 1668       0.8437499403953552       0.6000000238418579
 1669       0.8749998807907104       0.6000000238418579
 1670       0.9062499403953552       0.6000000238418579
 1671       0.9374999403953552       0.6000000238418579
 1672       0.9687500000000000       0.6000000238418579
 1673       0.9999999403953552       0.6000000238418579
 1674       1.0312498807907104       0.6000000238418579
 1675       1.0625000000000000       0.6000000238418579
 1676       1.0937498807907104       0.6000000238418579
 1677       1.1250000000000000       0.6000000238418579
 1678       1.1562500000000000       0.6000000238418579
 1679       1.1874998807907104       0.6000000238418579
 1680       1.2187500000000000       0.6000000238418579
 1681       1.2500000000000000       0.6000000238418579