   487.790290     0.679452
   282.513537     0.693698
   255.830611     0.708571
   149.236154     0.722804
   301.345199     0.737662
   137.524092     0.751916
   328.196698     0.766752
   180.542892     0.781032
   363.209743     0.795847
   211.045400     0.810154
   378.995162     0.824947
   231.195591     0.839277
   377.340692     0.854049
   235.316009     0.868400
   370.102852     0.883152
   231.806560     0.897522
   355.890833     0.912255
   222.671621     0.926643
   341.809889     0.941356
   211.872567     0.955761
   321.650465     0.970456
   196.780289     0.984876
   310.263311     0.999554
   187.368935     1.013990
   299.256101     1.028650
   182.853972     1.043102
   299.884074     1.057745
   181.501580     1.072214
   308.576077     1.086841
   192.654851     1.101328
   339.606977     1.115938
   209.095623     1.130446
   351.684573     1.145037
   207.290394     1.159565
   329.159956     1.174136
   206.233865     1.188682
   250.726710     1.203235
   210.958466     1.217787
   130.851823     1.232335
   183.369456     1.246875
   395.602545     0.680450
   308.288706     0.693625
   886.399128     0.708579
   505.503140     0.722806
   703.818226     0.737648
   511.804013     0.751937
   617.195706     0.766723
   473.398681     0.781057
   539.732622     0.795816
   419.810239     0.810179
   472.637209     0.824919
   365.675849     0.839302
   409.006395     0.854024
   313.681832     0.868424
   357.186406     0.883130
   266.451262     0.897544
   302.529549     0.912235
   217.748351     0.926662
   255.251258     0.941339
   175.236532     0.955778
   208.118851     0.970441
   132.099389     0.984891
   165.950254     0.999541
    95.007693     1.014002
   123.544362     1.028639
    57.614167     1.043112
    86.023514     1.057736
    23.770734     1.072221
    48.115780     1.086834
   -12.383242     1.101330
    10.229816     1.115931
   -33.446141     1.130449
   -10.398538     1.145031
   -67.625375     1.159575
    -9.851655     1.174122
  -122.565764     1.188708
    19.218037     1.203203
  -248.432651     1.217837
    54.228384     1.232271
  -224.856281     1.246932
