   486.341894     0.679452
   224.095550     0.693698
   126.194471     0.708571
    73.601795     0.722804
   148.655936     0.737662
    67.854078     0.751916
   161.909563     0.766752
    89.079216     0.781032
   179.175038     0.795847
   104.127863     0.810154
   186.959629     0.824947
   114.067803     0.839277
   186.144157     0.854049
   116.100205     0.868400
   182.575176     0.883152
   114.369054     0.897522
   175.566887     0.912255
   109.863093     0.926643
   168.623033     0.941356
   104.536236     0.955761
   158.681272     0.970456
    97.091403     0.984876
   153.065457     0.999554
    92.448872     1.013990
   147.636904     1.028650
    90.221545     1.043102
   147.946618     1.057745
    89.554103     1.072214
   152.233331     1.086841
    95.054635     1.101328
   167.536362     1.115938
   103.166221     1.130446
   173.492515     1.145037
   102.274292     1.159565
   162.380940     1.174136
   101.730128     1.188682
   123.674250     1.203235
   103.998127     1.217787
    64.401917     1.232335
    90.090918     1.246875
   637.682859     0.680450
   652.019478     0.693625
   985.967502     0.708579
   810.817703     0.722806
   840.729826     0.737648
   811.131336     0.751937
   726.281205     0.766723
   681.978436     0.781057
   531.322970     0.795816
   495.425411     0.810179
   382.174163     0.824919
   354.744378     0.839302
   263.121389     0.854024
   247.089916     0.868424
   171.696270     0.883130
   158.392094     0.897544
    86.552158     0.912235
    79.862815     0.926662
    14.553328     0.941339
    11.189184     0.955778
   -51.262139     0.970441
   -50.452533     0.984891
  -112.776733     0.999541
  -112.391523     1.014002
  -178.802986     1.028639
  -177.067045     1.043112
  -251.318512     1.057736
  -244.763587     1.072221
  -330.597369     1.086834
  -324.709369     1.101330
  -369.244199     1.115931
  -391.709032     1.130449
  -387.458687     1.145031
  -400.548355     1.159575
  -386.868928     1.174122
  -418.844329     1.188708
  -358.383030     1.203203
  -488.382329     1.217837
  -327.842479     1.232271
  -518.904207     1.246932
