0    0.000000000000e+000  0.000000000000e+000
 1    4.999999888241e-003  3.076034427174e-010
 2    9.999999776483e-003  3.001765502830e-009
 3    1.499999966472e-002  1.514361969157e-008
 4    1.999999955297e-002  5.241673761702e-008
 5    2.500000037253e-002  1.387366808103e-007
 6    2.999999932945e-002  2.948348480913e-007
 7    3.500000014901e-002  5.092515493743e-007
 8    3.999999910593e-002  6.899792879267e-007
 9    4.500000178814e-002  6.034653665665e-007
 10    5.000000074506e-002 -1.832162723758e-007
 11    5.499999970198e-002 -2.335780891372e-006
 12    5.999999865890e-002 -6.742406185367e-006
 13    6.499999761581e-002 -1.445077123208e-005
 14    7.000000029802e-002 -2.656014839886e-005
 15    7.500000298023e-002 -4.409360190039e-005
 16    7.999999821186e-002 -6.788683094783e-005
 17    8.500000089407e-002 -9.853061055765e-005
 18    9.000000357628e-002 -1.363915653201e-004
 19    9.499999880791e-002 -1.817138690967e-004
 20    1.000000014901e-001 -2.347793779336e-004
 21    1.049999967217e-001 -2.960838610306e-004
 22    1.099999994040e-001 -3.664789837785e-004
 23    1.150000020862e-001 -4.472378350329e-004
 24    1.199999973178e-001 -5.400225636549e-004
 25    1.250000000000e-001 -6.467612693086e-004
 26    1.299999952316e-001 -7.694674422964e-004
 27    1.350000053644e-001 -9.100512834266e-004
 28    1.400000005960e-001 -1.070174621418e-003
 29    1.449999958277e-001 -1.251185429282e-003
 30    1.500000059605e-001 -1.454146462493e-003
 31    1.550000011921e-001 -1.679941662587e-003
 32    1.599999964237e-001 -1.929426682182e-003
 33    1.650000065565e-001 -2.203575568274e-003
 34    1.700000017881e-001 -2.503580413759e-003
 35    1.749999970198e-001 -2.830877900124e-003
 36    1.800000071526e-001 -3.187093418092e-003
 37    1.850000023842e-001 -3.573924535885e-003
 38    1.899999976158e-001 -3.992988727987e-003
 39    1.949999928474e-001 -4.445681814104e-003
 40    2.000000029802e-001 -4.933073651046e-003
 41    2.049999982119e-001 -5.455865059048e-003
 42    2.099999934435e-001 -6.014409475029e-003
 43    2.150000035763e-001 -6.608784198761e-003
 44    2.199999988079e-001 -7.238887716085e-003
 45    2.249999940395e-001 -7.904533296824e-003
 46    2.300000041723e-001 -8.605512790382e-003
 47    2.349999994040e-001 -9.341622702777e-003
 48    2.399999946356e-001 -1.011263672262e-002
 49    2.450000047684e-001 -1.091824937612e-002
 50    2.500000000000e-001 -1.175799500197e-002
 51    2.549999952316e-001 -1.263117976487e-002
 52    2.599999904633e-001 -1.353683508933e-002
 53    2.649999856949e-001 -1.447371114045e-002
 54    2.700000107288e-001 -1.544031687081e-002
 55    2.750000059605e-001 -1.643499359488e-002
 56    2.800000011921e-001 -1.745600812137e-002
 57    2.849999964237e-001 -1.850165799260e-002
 58    2.899999916553e-001 -1.957035996020e-002
 59    2.949999868870e-001 -2.066069096327e-002
 60    3.000000119209e-001 -2.177142538130e-002
 61    3.050000071526e-001 -2.290150895715e-002
 62    3.100000023842e-001 -2.405001781881e-002
 63    3.149999976158e-001 -2.521610632539e-002
 64    3.199999928474e-001 -2.639895305037e-002
 65    3.249999880791e-001 -2.759770490229e-002
 66    3.300000131130e-001 -2.881145477295e-002
 67    3.350000083447e-001 -3.003921732306e-002
 68    3.400000035763e-001 -3.127991780639e-002
 69    3.449999988079e-001 -3.253238648176e-002
 70    3.499999940395e-001 -3.379533067346e-002
 71    3.549999892712e-001 -3.506733104587e-002
 72    3.600000143051e-001 -3.634680807590e-002
 73    3.650000095367e-001 -3.763198107481e-002
 74    3.700000047684e-001 -3.892088308930e-002
 75    3.750000000000e-001 -4.021135345101e-002
 76    3.799999952316e-001 -4.150108993053e-002
 77    3.849999904633e-001 -4.278771579266e-002
 78    3.899999856949e-001 -4.406888782978e-002
 79    3.950000107288e-001 -4.534240067005e-002
 80    4.000000059605e-001 -4.660630598664e-002
 81    4.050000011921e-001 -4.785900563002e-002
 82    4.099999964237e-001 -4.909931868315e-002
 83    4.149999916553e-001 -5.032650381327e-002
 84    4.199999868870e-001 -5.154024437070e-002
 85    4.250000119209e-001 -5.274062231183e-002
 86    4.300000071526e-001 -5.392803251743e-002
 87    4.350000023842e-001 -5.510311573744e-002
 88    4.399999976158e-001 -5.626668781042e-002
 89    4.449999928474e-001 -5.741966515779e-002
 90    4.499999880791e-001 -5.856303498149e-002
 91    4.550000131130e-001 -5.969780683517e-002
 92    4.600000083447e-001 -6.082500144839e-002
 93    4.650000035763e-001 -6.194561719894e-002
 94    4.699999988079e-001 -6.306061893702e-002
 95    4.749999940395e-001 -6.417090445757e-002
 96    4.799999892712e-001 -6.527725607157e-002
 97    4.850000143051e-001 -6.638032197952e-002
 98    4.900000095367e-001 -6.748056411743e-002
 99    4.950000047684e-001 -6.857822835445e-002
 100    5.000000000000e-001 -6.967336684465e-002
 101    5.049999952316e-001 -7.076580822468e-002
 102    5.099999904633e-001 -7.185523957014e-002
 103    5.149999856949e-001 -7.294124364853e-002
 104    5.199999809265e-001 -7.402339577675e-002
 105    5.249999761581e-001 -7.510133832693e-002
 106    5.299999713898e-001 -7.617487758398e-002
 107    5.350000262260e-001 -7.724405825138e-002
 108    5.400000214577e-001 -7.830920070410e-002
 109    5.450000166893e-001 -7.937095314264e-002
 110    5.500000119209e-001 -8.043026924133e-002
 111    5.550000071526e-001 -8.148840814829e-002
 112    5.600000023842e-001 -8.254686743021e-002
 113    5.649999976158e-001 -8.360734581947e-002
 114    5.699999928474e-001 -8.467166870832e-002
 115    5.749999880791e-001 -8.574170619249e-002
 116    5.799999833107e-001 -8.681930601597e-002
 117    5.849999785423e-001 -8.790622651577e-002
 118    5.899999737740e-001 -8.900405466557e-002
 119    5.950000286102e-001 -9.011415392160e-002
 120    6.000000238419e-001 -9.123761951923e-002
 121    6.050000190735e-001 -9.237519651651e-002
 122    6.100000143051e-001 -9.352730959654e-002
 123    6.150000095367e-001 -9.469400346279e-002
 124    6.200000047684e-001 -9.587495774031e-002
 125    6.250000000000e-001 -9.706953912973e-002
 126    6.299999952316e-001 -9.827683120966e-002
 127    6.349999904633e-001 -9.949571639299e-002
 128    6.399999856949e-001 -1.007249355316e-001
 129    6.449999809265e-001 -1.019632220268e-001
 130    6.499999761581e-001 -1.032093316317e-001
 131    6.549999713898e-001 -1.044621542096e-001
 132    6.600000262260e-001 -1.057207435369e-001
 133    6.650000214577e-001 -1.069843396544e-001
 134    6.700000166893e-001 -1.082523986697e-001
 135    6.750000119209e-001 -1.095245182514e-001
 136    6.800000071526e-001 -1.108004599810e-001
 137    6.850000023842e-001 -1.120800226927e-001
 138    6.899999976158e-001 -1.133630722761e-001
 139    6.949999928474e-001 -1.146494448185e-001
 140    6.999999880791e-001 -1.159389689565e-001
 141    7.049999833107e-001 -1.172314062715e-001
 142    7.099999785423e-001 -1.185265257955e-001
 143    7.149999737740e-001 -1.198240593076e-001
 144    7.200000286102e-001 -1.211237460375e-001
 145    7.250000238419e-001 -1.224253103137e-001
 146    7.300000190735e-001 -1.237284913659e-001
 147    7.350000143051e-001 -1.250330060720e-001
 148    7.400000095367e-001 -1.263384670019e-001
 149    7.450000047684e-001 -1.276444345713e-001
 150    7.500000000000e-001 -1.289502978325e-001
 151    7.549999952316e-001 -1.302552819252e-001
 152    7.599999904633e-001 -1.315584480762e-001
 153    7.649999856949e-001 -1.328586935997e-001
 154    7.699999809265e-001 -1.341547667980e-001
 155    7.749999761581e-001 -1.354453563690e-001
 156    7.799999713898e-001 -1.367291212082e-001
 157    7.850000262260e-001 -1.380047500134e-001
 158    7.900000214577e-001 -1.392710059881e-001
 159    7.950000166893e-001 -1.405268162489e-001
 160    8.000000119209e-001 -1.417712569237e-001
 161    8.050000071526e-001 -1.430035680532e-001
 162    8.100000023842e-001 -1.442232131958e-001
 163    8.149999976158e-001 -1.454298198223e-001
 164    8.199999928474e-001 -1.466231942177e-001
 165    8.249999880791e-001 -1.478033065796e-001
 166    8.299999833107e-001 -1.489702910185e-001
 167    8.349999785423e-001 -1.501244604588e-001
 168    8.399999737740e-001 -1.512662619352e-001
 169    8.450000286102e-001 -1.523962914944e-001
 170    8.500000238419e-001 -1.535152345896e-001
 171    8.550000190735e-001 -1.546239405870e-001
 172    8.600000143051e-001 -1.557233184576e-001
 173    8.650000095367e-001 -1.568143814802e-001
 174    8.700000047684e-001 -1.578981727362e-001
 175    8.750000000000e-001 -1.589757651091e-001
 176    8.799999952316e-001 -1.600482612848e-001
 177    8.849999904633e-001 -1.611167341471e-001
 178    8.899999856949e-001 -1.621822565794e-001
 179    8.949999809265e-001 -1.632458865643e-001
 180    8.999999761581e-001 -1.643086522818e-001
 181    9.049999713898e-001 -1.653715819120e-001
 182    9.100000262260e-001 -1.664356887341e-001
 183    9.150000214577e-001 -1.675019264221e-001
 184    9.200000166893e-001 -1.685712933540e-001
 185    9.250000119209e-001 -1.696446835995e-001
 186    9.300000071526e-001 -1.707229614258e-001
 187    9.350000023842e-001 -1.718068867922e-001
 188    9.399999976158e-001 -1.728971153498e-001
 189    9.449999928474e-001 -1.739941090345e-001
 190    9.499999880791e-001 -1.750981807709e-001
 191    9.549999833107e-001 -1.762093901634e-001
 192    9.599999785423e-001 -1.773276627064e-001
 193    9.649999737740e-001 -1.784527152777e-001
 194    9.700000286102e-001 -1.795841455460e-001
 195    9.750000238419e-001 -1.807214915752e-001
 196    9.800000190735e-001 -1.818642765284e-001
 197    9.850000143051e-001 -1.830120235682e-001
 198    9.900000095367e-001 -1.841643601656e-001
 199    9.950000047684e-001 -1.853209882975e-001
 200    1.000000000000e+000 -1.864816546440e-001
 201    1.004999995232e+000 -1.876461356878e-001
 202    1.009999990463e+000 -1.888141930103e-001
 203    1.014999985695e+000 -1.899854987860e-001
 204    1.019999980927e+000 -1.911595463753e-001
 205    1.024999976158e+000 -1.923356652260e-001
 206    1.029999971390e+000 -1.935129165649e-001
 207    1.034999966621e+000 -1.946901232004e-001
 208    1.039999961853e+000 -1.958658546209e-001
 209    1.044999957085e+000 -1.970384418964e-001
 210    1.049999952316e+000 -1.982060074806e-001
 211    1.054999947548e+000 -1.993665695190e-001
 212    1.059999942780e+000 -2.005179971457e-001
 213    1.065000057220e+000 -2.016582041979e-001
 214    1.070000052452e+000 -2.027851939201e-001
 215    1.075000047684e+000 -2.038971185684e-001
 216    1.080000042915e+000 -2.049923986197e-001
 217    1.085000038147e+000 -2.060698270798e-001
 218    1.090000033379e+000 -2.071285992861e-001
 219    1.095000028610e+000 -2.081683427095e-001
 220    1.100000023842e+000 -2.091891318560e-001
 221    1.105000019073e+000 -2.101915031672e-001
 222    1.110000014305e+000 -2.111763060093e-001
 223    1.115000009537e+000 -2.121447175741e-001
 224    1.120000004768e+000 -2.130981087685e-001
 225    1.125000000000e+000 -2.140379548073e-001
 226    1.129999995232e+000 -2.149657607079e-001
 227    1.134999990463e+000 -2.158830016851e-001
 228    1.139999985695e+000 -2.167910039425e-001
 229    1.144999980927e+000 -2.176910042763e-001
 230    1.149999976158e+000 -2.185840308666e-001
 231    1.154999971390e+000 -2.194709479809e-001
 232    1.159999966621e+000 -2.203524410725e-001
 233    1.164999961853e+000 -2.212290167809e-001
 234    1.169999957085e+000 -2.221010476351e-001
 235    1.174999952316e+000 -2.229688018560e-001
 236    1.179999947548e+000 -2.238325178623e-001
 237    1.184999942780e+000 -2.246923893690e-001
 238    1.190000057220e+000 -2.255486547947e-001
 239    1.195000052452e+000 -2.264016419649e-001
 240    1.200000047684e+000 -2.272518128157e-001
 241    1.205000042915e+000 -2.280997484922e-001
 242    1.210000038147e+000 -2.289461940527e-001
 243    1.215000033379e+000 -2.297919839621e-001
 244    1.220000028610e+000 -2.306380569935e-001
 245    1.225000023842e+000 -2.314853668213e-001
 246    1.230000019073e+000 -2.323348373175e-001
 247    1.235000014305e+000 -2.331872582436e-001
 248    1.240000009537e+000 -2.340433299541e-001
 249    1.245000004768e+000 -2.349035292864e-001
 250    1.250000000000e+000 -2.357681095600e-001
 251    1.254999995232e+000 -2.366371154785e-001
 252    1.259999990463e+000 -2.375103831291e-001
 253    1.264999985695e+000 -2.383874803782e-001
 254    1.269999980927e+000 -2.392678260803e-001
 255    1.274999976158e+000 -2.401506453753e-001
 256    1.279999971390e+000 -2.410349994898e-001
 257    1.284999966621e+000 -2.419198602438e-001
 258    1.289999961853e+000 -2.428040504456e-001
 259    1.294999957085e+000 -2.436863631010e-001
 260    1.299999952316e+000 -2.445655018091e-001
 261    1.304999947548e+000 -2.454400956631e-001
 262    1.309999942780e+000 -2.463087141514e-001
 263    1.315000057220e+000 -2.471698820591e-001
 264    1.320000052452e+000 -2.480220794678e-001
 265    1.325000047684e+000 -2.488637864590e-001
 266    1.330000042915e+000 -2.496935427189e-001
 267    1.335000038147e+000 -2.505100369453e-001
 268    1.340000033379e+000 -2.513123154640e-001
 269    1.345000028610e+000 -2.520997226238e-001
 270    1.350000023842e+000 -2.528722584248e-001
 271    1.355000019073e+000 -2.536304593086e-001
 272    1.360000014305e+000 -2.543756365776e-001
 273    1.365000009537e+000 -2.551097869873e-001
 274    1.370000004768e+000 -2.558354437351e-001
 275    1.375000000000e+000 -2.565555870533e-001
 276    1.379999995232e+000 -2.572734355927e-001
 277    1.384999990463e+000 -2.579920589924e-001
 278    1.389999985695e+000 -2.587141692638e-001
 279    1.394999980927e+000 -2.594419121742e-001
 280    1.399999976158e+000 -2.601764500141e-001
 281    1.404999971390e+000 -2.609181404114e-001
 282    1.409999966621e+000 -2.616663277149e-001
 283    1.414999961853e+000 -2.624195516109e-001
 284    1.419999957085e+000 -2.631758153439e-001
 285    1.424999952316e+000 -2.639327943325e-001
 286    1.429999947548e+000 -2.646881341934e-001
 287    1.434999942780e+000 -2.654399275780e-001
 288    1.440000057220e+000 -2.661867439747e-001
 289    1.445000052452e+000 -2.669278085232e-001
 290    1.450000047684e+000 -2.676632106304e-001
 291    1.455000042915e+000 -2.683936059475e-001
 292    1.460000038147e+000 -2.691201865673e-001
 293    1.465000033379e+000 -2.698444426060e-001
 294    1.470000028610e+000 -2.705679535866e-001
 295    1.475000023842e+000 -2.712921202183e-001
 296    1.480000019073e+000 -2.720179855824e-001
 297    1.485000014305e+000 -2.727461755276e-001
 298    1.490000009537e+000 -2.734767794609e-001
 299    1.495000004768e+000 -2.742093801498e-001
 300    1.500000000000e+000 -2.749432027340e-001