 2
X
Y
Comp 11 of Cauchy Stress Node 1838 : Time
 301
 0    0.000000000000e+000  0.000000000000e+000
 1    4.999999888241e-003  5.131830116625e-006
 2    9.999999776483e-003  4.158009567618e-005
 3    1.499999966472e-002  1.783878849528e-004
 4    1.999999955297e-002  5.416682161740e-004
 5    2.500000037253e-002  1.307424723636e-003
 6    2.999999932945e-002  2.667515906505e-003
 7    3.500000014901e-002  4.776106127538e-003
 8    3.999999910593e-002  7.694993254263e-003
 9    4.500000178814e-002  1.136007633177e-002
 10    5.000000074506e-002  1.558562200516e-002
 11    5.499999970198e-002  2.010969890282e-002
 12    5.999999865890e-002  2.466867107898e-002
 13    6.499999761581e-002  2.907771266997e-002
 14    7.000000029802e-002  3.329250842333e-002
 15    7.500000298023e-002  3.743525132537e-002
 16    7.999999821186e-002  4.178146515042e-002
 17    8.500000089407e-002  4.671767208725e-002
 18    9.000000357628e-002  5.268843568861e-002
 19    9.499999880791e-002  6.015190899372e-002
 20    1.000000014901e-001  6.955630280077e-002
 21    1.049999967217e-001  8.133833482862e-002
 22    1.099999994040e-001  9.593371450901e-002
 23    1.150000020862e-001  1.137845632434e-001
 24    1.199999973178e-001  1.353312142193e-001
 25    1.250000000000e-001  1.609844997525e-001
 26    1.299999952316e-001  1.910855083168e-001
 27    1.350000053644e-001  2.258664098382e-001
 28    1.400000005960e-001  2.654275381565e-001
 29    1.449999958277e-001  3.097404089570e-001
 30    1.500000059605e-001  3.586776575446e-001
 31    1.550000011921e-001  4.120603242517e-001
 32    1.599999964237e-001  4.697085446119e-001
 33    1.650000065565e-001  5.314787197113e-001
 34    1.700000017881e-001  5.972781032324e-001
 35    1.749999970198e-001  6.670544642210e-001
 36    1.800000071526e-001  7.407692891359e-001
 37    1.850000023842e-001  8.183665931225e-001
 38    1.899999976158e-001  8.997510534525e-001
 39    1.949999928474e-001  9.847810745239e-001
 40    2.000000029802e-001  1.073276544809e+000
 41    2.049999982119e-001  1.165034228563e+000
 42    2.099999934435e-001  1.259839169979e+000
 43    2.150000035763e-001  1.357464603186e+000
 44    2.199999988079e-001  1.457658258677e+000
 45    2.249999940395e-001  1.560118322372e+000
 46    2.300000041723e-001  1.664471076727e+000
 47    2.349999994040e-001  1.770257233381e+000
 48    2.399999946356e-001  1.876939574480e+000
 49    2.450000047684e-001  1.983930933475e+000
 50    2.500000000000e-001  2.090639170408e+000
 51    2.549999952316e-001  2.196521697044e+000
 52    2.599999904633e-001  2.301133005619e+000
 53    2.649999856949e-001  2.404160194397e+000
 54    2.700000107288e-001  2.505436251163e+000
 55    2.750000059605e-001  2.604930226803e+000
 56    2.800000011921e-001  2.702718260288e+000
 57    2.849999964237e-001  2.798940749168e+000
 58    2.899999916553e-001  2.893756785393e+000
 59    2.949999868870e-001  2.987295968533e+000
 60    3.000000119209e-001  3.079625296593e+000
 61    3.050000071526e-001  3.170721905231e+000
 62    3.100000023842e-001  3.260467247963e+000
 63    3.149999976158e-001  3.348654923439e+000
 64    3.199999928474e-001  3.435014286041e+000
 65    3.249999880791e-001  3.519247708321e+000
 66    3.300000131130e-001  3.601076481342e+000
 67    3.350000083447e-001  3.680286176205e+000
 68    3.400000035763e-001  3.756767458916e+000
 69    3.449999988079e-001  3.830542593002e+000
 70    3.499999940395e-001  3.901775074005e+000
 71    3.549999892712e-001  3.970760262012e+000
 72    3.600000143051e-001  4.037899439335e+000
 73    3.650000095367e-001  4.103663995266e+000
 74    3.700000047684e-001  4.168557558060e+000
 75    3.750000000000e-001  4.233083634377e+000
 76    3.799999952316e-001  4.297724709511e+000
 77    3.849999904633e-001  4.362927970886e+000
 78    3.899999856949e-001  4.429112725258e+000
 79    3.950000107288e-001  4.496675109863e+000
 80    4.000000059605e-001  4.566000199318e+000
 81    4.050000011921e-001  4.637470426559e+000
 82    4.099999964237e-001  4.711467862129e+000
 83    4.149999916553e-001  4.788372216225e+000
 84    4.199999868870e-001  4.868549132347e+000
 85    4.250000119209e-001  4.952340750694e+000
 86    4.300000071526e-001  5.040050506592e+000
 87    4.350000023842e-001  5.131932463646e+000
 88    4.399999976158e-001  5.228181700706e+000
 89    4.449999928474e-001  5.328927917480e+000
 90    4.499999880791e-001  5.434230446815e+000
 91    4.550000131130e-001  5.544076471329e+000
 92    4.600000083447e-001  5.658384051323e+000
 93    4.650000035763e-001  5.777003583908e+000
 94    4.699999988079e-001  5.899729185104e+000
 95    4.749999940395e-001  6.026310248375e+000
 96    4.799999892712e-001  6.156470146179e+000
 97    4.850000143051e-001  6.289927167892e+000
 98    4.900000095367e-001  6.426415877342e+000
 99    4.950000047684e-001  6.565708470345e+000
 100    5.000000000000e-001  6.707627043724e+000
 101    5.049999952316e-001  6.852051506042e+000
 102    5.099999904633e-001  6.998917350769e+000
 103    5.149999856949e-001  7.148200321198e+000
 104    5.199999809265e-001  7.299901471138e+000
 105    5.249999761581e-001  7.454015631676e+000
 106    5.299999713898e-001  7.610510549545e+000
 107    5.350000262260e-001  7.769303321838e+000
 108    5.400000214577e-001  7.930239524841e+000
 109    5.450000166893e-001  8.093093090057e+000
 110    5.500000119209e-001  8.257561740875e+000
 111    5.550000071526e-001  8.423284435272e+000
 112    5.600000023842e-001  8.589858732224e+000
 113    5.649999976158e-001  8.756862754822e+000
 114    5.699999928474e-001  8.923881120682e+000
 115    5.749999880791e-001  9.090529575348e+000
 116    5.799999833107e-001  9.256466064453e+000
 117    5.849999785423e-001  9.421414442062e+000
 118    5.899999737740e-001  9.585158472061e+000
 119    5.950000286102e-001  9.747560586929e+000
 120    6.000000238419e-001  9.908551216125e+000
 121    6.050000190735e-001  1.006813094139e+001
 122    6.100000143051e-001  1.022636757851e+001
 123    6.150000095367e-001  1.038339406013e+001
 124    6.200000047684e-001  1.053939253807e+001
 125    6.250000000000e-001  1.069459118843e+001
 126    6.299999952316e-001  1.084924535751e+001
 127    6.349999904633e-001  1.100361953735e+001
 128    6.399999856949e-001  1.115796896935e+001
 129    6.449999809265e-001  1.131251909256e+001
 130    6.499999761581e-001  1.146744812965e+001
 131    6.549999713898e-001  1.162287936211e+001
 132    6.600000262260e-001  1.177887722015e+001
 133    6.650000214577e-001  1.193545343399e+001
 134    6.700000166893e-001  1.209258149147e+001
 135    6.750000119209e-001  1.225021500587e+001
 136    6.800000071526e-001  1.240830746651e+001
 137    6.850000023842e-001  1.256682741165e+001
 138    6.899999976158e-001  1.272577916145e+001
 139    6.949999928474e-001  1.288519864082e+001
 140    6.999999880791e-001  1.304515639305e+001
 141    7.049999833107e-001  1.320574093819e+001
 142    7.099999785423e-001  1.336705215454e+001
 143    7.149999737740e-001  1.352917854309e+001
 144    7.200000286102e-001  1.369218556404e+001
 145    7.250000238419e-001  1.385611378670e+001
 146    7.300000190735e-001  1.402097168922e+001
 147    7.350000143051e-001  1.418674863815e+001
 148    7.400000095367e-001  1.435342497826e+001
 149    7.450000047684e-001  1.452098206520e+001
 150    7.500000000000e-001  1.468942656517e+001
 151    7.549999952316e-001  1.485878489494e+001
 152    7.599999904633e-001  1.502912222862e+001
 153    7.649999856949e-001  1.520052810669e+001
 154    7.699999809265e-001  1.537310923576e+001
 155    7.749999761581e-001  1.554697872162e+001
 156    7.799999713898e-001  1.572223546028e+001
 157    7.850000262260e-001  1.589895435333e+001
 158    7.900000214577e-001  1.607716951370e+001
 159    7.950000166893e-001  1.625687423706e+001
 160    8.000000119209e-001  1.643801570892e+001
 161    8.050000071526e-001  1.662050817490e+001
 162    8.100000023842e-001  1.680424072266e+001
 163    8.149999976158e-001  1.698909254074e+001
 164    8.199999928474e-001  1.717494165421e+001
 165    8.249999880791e-001  1.736168239594e+001
 166    8.299999833107e-001  1.754923063278e+001
 167    8.349999785423e-001  1.773752075195e+001
 168    8.399999737740e-001  1.792651174545e+001
 169    8.450000286102e-001  1.811617546082e+001
 170    8.500000238419e-001  1.830650896072e+001
 171    8.550000190735e-001  1.849751815796e+001
 172    8.600000143051e-001  1.868922901154e+001
 173    8.650000095367e-001  1.888168069839e+001
 174    8.700000047684e-001  1.907492942810e+001
 175    8.750000000000e-001  1.926905170441e+001
 176    8.799999952316e-001  1.946413085938e+001
 177    8.849999904633e-001  1.966026142120e+001
 178    8.899999856949e-001  1.985752635956e+001
 179    8.949999809265e-001  2.005600034714e+001
 180    8.999999761581e-001  2.025571857452e+001
 181    9.049999713898e-001  2.045668357849e+001
 182    9.100000262260e-001  2.065885595322e+001
 183    9.150000214577e-001  2.086214511871e+001
 184    9.200000166893e-001  2.106641996384e+001
 185    9.250000119209e-001  2.127152999878e+001
 186    9.300000071526e-001  2.147730154037e+001
 187    9.350000023842e-001  2.168356834412e+001
 188    9.399999976158e-001  2.189019380569e+001
 189    9.449999928474e-001  2.209708406448e+001
 190    9.499999880791e-001  2.230421230316e+001
 191    9.549999833107e-001  2.251163135529e+001
 192    9.599999785423e-001  2.271947364807e+001
 193    9.649999737740e-001  2.292794954300e+001
 194    9.700000286102e-001  2.313733890533e+001
 195    9.750000238419e-001  2.334795906067e+001
 196    9.800000190735e-001  2.356014350891e+001
 197    9.850000143051e-001  2.377422058105e+001
 198    9.900000095367e-001  2.399047296524e+001
 199    9.950000047684e-001  2.420914207458e+001
 200    1.000000000000e+000  2.443039545059e+001
 201    1.004999995232e+000  2.465433740616e+001
 202    1.009999990463e+000  2.488101554871e+001
 203    1.014999985695e+000  2.511042348862e+001
 204    1.019999980927e+000  2.534253147125e+001
 205    1.024999976158e+000  2.557728612900e+001
 206    1.029999971390e+000  2.581462881088e+001
 207    1.034999966621e+000  2.605450498581e+001
 208    1.039999961853e+000  2.629687353134e+001
 209    1.044999957085e+000  2.654170845032e+001
 210    1.049999952316e+000  2.678899505615e+001
 211    1.054999947548e+000  2.703874338150e+001
 212    1.059999942780e+000  2.729097888947e+001
 213    1.065000057220e+000  2.754573694229e+001
 214    1.070000052452e+000  2.780306968689e+001
 215    1.075000047684e+000  2.806302164078e+001
 216    1.080000042915e+000  2.832563602448e+001
 217    1.085000038147e+000  2.859092573166e+001
 218    1.090000033379e+000  2.885888427734e+001
 219    1.095000028610e+000  2.912946525574e+001
 220    1.100000023842e+000  2.940258535385e+001
 221    1.105000019073e+000  2.967812484741e+001
 222    1.110000014305e+000  2.995594617844e+001
 223    1.115000009537e+000  3.023588405609e+001
 224    1.120000004768e+000  3.051777473450e+001
 225    1.125000000000e+000  3.080145053864e+001
 226    1.129999995232e+000  3.108675382614e+001
 227    1.134999990463e+000  3.137354824066e+001
 228    1.139999985695e+000  3.166170591354e+001
 229    1.144999980927e+000  3.195112419128e+001
 230    1.149999976158e+000  3.224172157288e+001
 231    1.154999971390e+000  3.253344841003e+001
 232    1.159999966621e+000  3.282625793457e+001
 233    1.164999961853e+000  3.312014999390e+001
 234    1.169999957085e+000  3.341511470795e+001
 235    1.174999952316e+000  3.371116741180e+001
 236    1.179999947548e+000  3.400831581116e+001
 237    1.184999942780e+000  3.430655666351e+001
 238    1.190000057220e+000  3.460585769653e+001
 239    1.195000052452e+000  3.490615097046e+001
 240    1.200000047684e+000  3.520731811523e+001
 241    1.205000042915e+000  3.550918430328e+001
 242    1.210000038147e+000  3.581153190613e+001
 243    1.215000033379e+000  3.611408905029e+001
 244    1.220000028610e+000  3.641657932281e+001
 245    1.225000023842e+000  3.671869728088e+001
 246    1.230000019073e+000  3.702016910553e+001
 247    1.235000014305e+000  3.732076526642e+001
 248    1.240000009537e+000  3.762029670715e+001
 249    1.245000004768e+000  3.791865753174e+001
 250    1.250000000000e+000  3.821581085205e+001
 251    1.254999995232e+000  3.851177833557e+001
 252    1.259999990463e+000  3.880665889740e+001
 253    1.264999985695e+000  3.910058319092e+001
 254    1.269999980927e+000  3.939372676849e+001
 255    1.274999976158e+000  3.968626407623e+001
 256    1.279999971390e+000  3.997835529327e+001
 257    1.284999966621e+000  4.027014030457e+001
 258    1.289999961853e+000  4.056171791077e+001
 259    1.294999957085e+000  4.085313327789e+001
 260    1.299999952316e+000  4.114440204620e+001
 261    1.304999947548e+000  4.143547969818e+001
 262    1.309999942780e+000  4.172632946014e+001
 263    1.315000057220e+000  4.201691516876e+001
 264    1.320000052452e+000  4.230726093292e+001
 265    1.325000047684e+000  4.259745052338e+001
 266    1.330000042915e+000  4.288766403198e+001
 267    1.335000038147e+000  4.317818931580e+001
 268    1.340000033379e+000  4.346940601349e+001
 269    1.345000028610e+000  4.376176094055e+001
 270    1.350000023842e+000  4.405573463440e+001
 271    1.355000019073e+000  4.435179264069e+001
 272    1.360000014305e+000  4.465031330109e+001
 273    1.365000009537e+000  4.495158996582e+001
 274    1.370000004768e+000  4.525575397491e+001
 275    1.375000000000e+000  4.556280689240e+001
 276    1.379999995232e+000  4.587260597229e+001
 277    1.384999990463e+000  4.618492160797e+001
 278    1.389999985695e+000  4.649948997498e+001
 279    1.394999980927e+000  4.681606395721e+001
 280    1.399999976158e+000  4.713450233459e+001
 281    1.404999971390e+000  4.745478454590e+001
 282    1.409999966621e+000  4.777705879211e+001
 283    1.414999961853e+000  4.810162715912e+001
 284    1.419999957085e+000  4.842890453339e+001
 285    1.424999952316e+000  4.875937519073e+001
 286    1.429999947548e+000  4.909352931976e+001
 287    1.434999942780e+000  4.943177913666e+001
 288    1.440000057220e+000  4.977443206787e+001
 289    1.445000052452e+000  5.012167377472e+001
 290    1.450000047684e+000  5.047354293823e+001
 291    1.455000042915e+000  5.082997356415e+001
 292    1.460000038147e+000  5.119084911346e+001
 293    1.465000033379e+000  5.155604049683e+001
 294    1.470000028610e+000  5.192545589447e+001
 295    1.475000023842e+000  5.229907924652e+001
 296    1.480000019073e+000  5.267698833466e+001
 297    1.485000014305e+000  5.305934123993e+001
 298    1.490000009537e+000  5.344635936737e+001
 299    1.495000004768e+000  5.383828144073e+001
 300    1.500000000000e+000  5.423532733917e+001
X
Y
Comp 22 of Cauchy Stress Node 1838 : Time
 301
 0    0.000000000000e+000  0.000000000000e+000
 1    4.999999888241e-003  2.176158617573e-006
 2    9.999999776483e-003  1.800722994631e-005
 3    1.499999966472e-002  7.910983694273e-005
 4    1.999999955297e-002  2.464906876412e-004
 5    2.500000037253e-002  6.114064957364e-004
 6    2.999999932945e-002  1.282991248299e-003
 7    3.500000014901e-002  2.362617427716e-003
 8    3.999999910593e-002  3.910682413261e-003
 9    4.500000178814e-002  5.915745797101e-003
 10    5.000000074506e-002  8.276805417845e-003
 11    5.499999970198e-002  1.080637787469e-002
 12    5.999999865890e-002  1.325587139465e-002
 13    6.499999761581e-002  1.535779684782e-002
 14    7.000000029802e-002  1.687436413020e-002
 15    7.500000298023e-002  1.764097353444e-002
 16    7.999999821186e-002  1.759604204446e-002
 17    8.500000089407e-002  1.679393380880e-002
 18    9.000000357628e-002  1.540264388546e-002
 19    9.499999880791e-002  1.369060192257e-002
 20    1.000000014901e-001  1.200671160594e-002
 21    1.049999967217e-001  1.075547553599e-002
 22    1.099999994040e-001  1.036636408418e-002
 23    1.150000020862e-001  1.125562576577e-002
 24    1.199999973178e-001  1.378086835146e-002
 25    1.250000000000e-001  1.819332685322e-002
 26    1.299999952316e-001  2.459785584360e-002
 27    1.350000053644e-001  3.293237868696e-002
 28    1.400000005960e-001  4.297544896603e-002
 29    1.449999958277e-001  5.438319288194e-002
 30    1.500000059605e-001  6.674781739712e-002
 31    1.550000011921e-001  7.966338314116e-002
 32    1.599999964237e-001  9.278211511672e-002
 33    1.650000065565e-001  1.058479806781e-001
 34    1.700000017881e-001  1.187022931874e-001
 35    1.749999970198e-001  1.312653398514e-001
 36    1.800000071526e-001  1.435062034428e-001
 37    1.850000023842e-001  1.554150894284e-001
 38    1.899999976158e-001  1.669893005490e-001
 39    1.949999928474e-001  1.782358714938e-001
 40    2.000000029802e-001  1.891840979457e-001
 41    2.049999982119e-001  1.998963052034e-001
 42    2.099999934435e-001  2.104637892544e-001
 43    2.150000035763e-001  2.209818565845e-001
 44    2.199999988079e-001  2.315060523152e-001
 45    2.249999940395e-001  2.420019471645e-001
 46    2.300000041723e-001  2.523049297929e-001
 47    2.349999994040e-001  2.621066054702e-001
 48    2.399999946356e-001  2.709773629904e-001
 49    2.450000047684e-001  2.784234905243e-001
 50    2.500000000000e-001  2.839678332210e-001
 51    2.549999952316e-001  2.872350937128e-001
 52    2.599999904633e-001  2.880217346549e-001
 53    2.649999856949e-001  2.863347733021e-001
 54    2.700000107288e-001  2.823912373185e-001
 55    2.750000059605e-001  2.765803614259e-001
 56    2.800000011921e-001  2.693976277113e-001
 57    2.849999964237e-001  2.613650965691e-001
 58    2.899999916553e-001  2.529520836473e-001
 59    2.949999868870e-001  2.445099787414e-001
 60    3.000000119209e-001  2.362281645834e-001
 61    3.050000071526e-001  2.281162227690e-001
 62    3.100000023842e-001  2.200116612017e-001
 63    3.149999976158e-001  2.116110001504e-001
 64    3.199999928474e-001  2.025192129612e-001
 65    3.249999880791e-001  1.923109695315e-001
 66    3.300000131130e-001  1.805954340100e-001
 67    3.350000083447e-001  1.670758542418e-001
 68    3.400000035763e-001  1.515949598700e-001
 69    3.449999988079e-001  1.341591384262e-001
 70    3.499999940395e-001  1.149377766997e-001
 71    3.549999892712e-001  9.423882156610e-002
 72    3.600000143051e-001  7.246632821858e-002
 73    3.650000095367e-001  5.006954934448e-002
 74    3.700000047684e-001  2.749392602127e-002
 75    3.750000000000e-001  5.143694777507e-003
 76    3.799999952316e-001 -1.663852233440e-002
 77    3.849999904633e-001 -3.757419731468e-002
 78    3.899999856949e-001 -5.743727918714e-002
 79    3.950000107288e-001 -7.603526771069e-002
 80    4.000000059605e-001 -9.319046743214e-002
 81    4.050000011921e-001 -1.087275773287e-001
 82    4.099999964237e-001 -1.224705453217e-001
 83    4.149999916553e-001 -1.342486225069e-001
 84    4.199999868870e-001 -1.439086313546e-001
 85    4.250000119209e-001 -1.513297460973e-001
 86    4.300000071526e-001 -1.564366762340e-001
 87    4.350000023842e-001 -1.592095908523e-001
 88    4.399999976158e-001 -1.596896448731e-001
 89    4.449999928474e-001 -1.579812344909e-001
 90    4.499999880791e-001 -1.542517928779e-001
 91    4.550000131130e-001 -1.487298084795e-001
 92    4.600000083447e-001 -1.417004272342e-001
 93    4.650000035763e-001 -1.334974557161e-001
 94    4.699999988079e-001 -1.244897028804e-001
 95    4.749999940395e-001 -1.150604522973e-001
 96    4.799999892712e-001 -1.055804301798e-001
 97    4.850000143051e-001 -9.637585602701e-002
 98    4.900000095367e-001 -8.769595772028e-002
 99    4.950000047684e-001 -7.968482770026e-002
 100    5.000000000000e-001 -7.236311681569e-002
 101    5.049999952316e-001 -6.562394991517e-002
 102    5.099999904633e-001 -5.924546454102e-002
 103    5.149999856949e-001 -5.291957978159e-002
 104    5.199999809265e-001 -4.629395887256e-002
 105    5.249999761581e-001 -3.902156721801e-002
 106    5.299999713898e-001 -3.081084311008e-002
 107    5.350000262260e-001 -2.146925287321e-002
 108    5.400000214577e-001 -1.093398975208e-002
 109    5.450000166893e-001  7.143084608833e-004
 110    5.500000119209e-001  1.325609807856e-002
 111    5.550000071526e-001  2.635407475755e-002
 112    5.600000023842e-001  3.958673793823e-002
 113    5.649999976158e-001  5.248855531216e-002
 114    5.699999928474e-001  6.459066625684e-002
 115    5.749999880791e-001  7.545674085617e-002
 116    5.799999833107e-001  8.471067748964e-002
 117    5.849999785423e-001  9.205492131412e-002
 118    5.899999737740e-001  9.728022001684e-002
 119    5.950000286102e-001  1.002693826705e-001
 120    6.000000238419e-001  1.009973760694e-001
 121    6.050000190735e-001  9.953018590808e-002
 122    6.100000143051e-001  9.602278806269e-002
 123    6.150000095367e-001  9.071566060185e-002
 124    6.200000047684e-001  8.392767883837e-002
 125    6.250000000000e-001  7.604304537177e-002
 126    6.299999952316e-001  6.749056302011e-002
 127    6.349999904633e-001  5.871526479721e-002
 128    6.399999856949e-001  5.014413543046e-002
 129    6.449999809265e-001  4.215013835579e-002
 130    6.499999761581e-001  3.501973096281e-002
 131    6.549999713898e-001  2.892946500331e-002
 132    6.600000262260e-001  2.393621273339e-002
 133    6.650000214577e-001  1.998327959329e-002
 134    6.700000166893e-001  1.692173549905e-002
 135    6.750000119209e-001  1.454337395728e-002
 136    6.800000071526e-001  1.261911738664e-002
 137    6.850000023842e-001  1.093574028462e-002
 138    6.899999976158e-001  9.324029851705e-003
 139    6.949999928474e-001  7.673499006778e-003
 140    6.999999880791e-001  5.931851621717e-003
 141    7.049999833107e-001  4.090795274824e-003
 142    7.099999785423e-001  2.162930294871e-003
 143    7.149999737740e-001  1.563652348705e-004
 144    7.200000286102e-001 -1.946026787627e-003
 145    7.250000238419e-001 -4.197075725533e-003
 146    7.300000190735e-001 -6.682538557798e-003
 147    7.350000143051e-001 -9.505396923050e-003
 148    7.400000095367e-001 -1.276068041101e-002
 149    7.450000047684e-001 -1.650655871257e-002
 150    7.500000000000e-001 -2.073840774596e-002
 151    7.549999952316e-001 -2.537203758955e-002
 152    7.599999904633e-001 -3.024042006582e-002
 153    7.649999856949e-001 -3.510560944676e-002
 154    7.699999809265e-001 -3.968449048698e-002
 155    7.749999761581e-001 -4.368434377015e-002
 156    7.799999713898e-001 -4.684219863266e-002
 157    7.850000262260e-001 -4.896126866341e-002
 158    7.900000214577e-001 -4.993806909770e-002
 159    7.950000166893e-001 -4.977557428181e-002
 160    8.000000119209e-001 -4.858033921570e-002
 161    8.050000071526e-001 -4.654446173459e-002
 162    8.100000023842e-001 -4.391617376357e-002
 163    8.149999976158e-001 -4.096479859203e-002
 164    8.199999928474e-001 -3.794659968466e-002
 165    8.249999880791e-001 -3.507731929421e-002
 166    8.299999833107e-001 -3.251512736082e-002
 167    8.349999785423e-001 -3.035492502153e-002
 168    8.399999737740e-001 -2.863224089146e-002
 169    8.450000286102e-001 -2.733287580311e-002
 170    8.500000238419e-001 -2.640390742570e-002
 171    8.550000190735e-001 -2.576232403517e-002
 172    8.600000143051e-001 -2.529961850494e-002
 173    8.650000095367e-001 -2.488267680630e-002
 174    8.700000047684e-001 -2.435360208154e-002
 175    8.750000000000e-001 -2.353178318590e-002
 176    8.799999952316e-001 -2.222127137706e-002
 177    8.849999904633e-001 -2.022515108809e-002
 178    8.899999856949e-001 -1.736647394486e-002
 179    8.949999809265e-001 -1.351338063367e-002
 180    8.999999761581e-001 -8.604697455594e-003
 181    9.049999713898e-001 -2.671763398102e-003
 182    9.100000262260e-001  4.147321833298e-003
 183    9.150000214577e-001  1.160388950258e-002
 184    9.200000166893e-001  1.934695724398e-002
 185    9.250000119209e-001  2.694390527904e-002
 186    9.300000071526e-001  3.391274217516e-002
 187    9.350000023842e-001  3.976387135684e-002
 188    9.399999976158e-001  4.404802765697e-002
 189    9.449999928474e-001  4.640554901212e-002
 190    9.499999880791e-001  4.661111332476e-002
 191    9.549999833107e-001  4.460733886808e-002
 192    9.599999785423e-001  4.052109166980e-002
 193    9.649999737740e-001  3.465817537159e-002
 194    9.700000286102e-001  2.747494712472e-002
 195    9.750000238419e-001  1.952945368364e-002
 196    9.800000190735e-001  1.141826162115e-002
 197    9.850000143051e-001  3.708305638283e-003
 198    9.900000095367e-001 -3.125952985138e-003
 199    9.950000047684e-001 -8.750657662749e-003
 200    1.000000000000e+000 -1.299949060194e-002
 201    1.004999995232e+000 -1.587707310682e-002
 202    1.009999990463e+000 -1.754084412241e-002
 203    1.014999985695e+000 -1.826688059024e-002
 204    1.019999980927e+000 -1.840699212858e-002
 205    1.024999976158e+000 -1.834436343517e-002
 206    1.029999971390e+000 -1.845329576172e-002
 207    1.034999966621e+000 -1.906608647667e-002
 208    1.039999961853e+000 -2.044755457900e-002
 209    1.044999957085e+000 -2.277622024063e-002
 210    1.049999952316e+000 -2.613087139558e-002
 211    1.054999947548e+000 -3.048221174628e-002
 212    1.059999942780e+000 -3.569077230990e-002
 213    1.065000057220e+000 -4.151332322508e-002
 214    1.070000052452e+000 -4.762004401535e-002
 215    1.075000047684e+000 -5.362312372774e-002
 216    1.080000042915e+000 -5.911496981978e-002
 217    1.085000038147e+000 -6.371134616435e-002
 218    1.090000033379e+000 -6.709282055497e-002
 219    1.095000028610e+000 -6.903769843280e-002
 220    1.100000023842e+000 -6.944116786122e-002
 221    1.105000019073e+000 -6.831862255931e-002
 222    1.110000014305e+000 -6.579423025250e-002
 223    1.115000009537e+000 -6.207904733717e-002
 224    1.120000004768e+000 -5.744357202202e-002
 225    1.125000000000e+000 -5.218972478062e-002
 226    1.129999995232e+000 -4.662507761270e-002
 227    1.134999990463e+000 -4.104048408568e-002
 228    1.139999985695e+000 -3.569065704942e-002
 229    1.144999980927e+000 -3.077678270638e-002
 230    1.149999976158e+000 -2.643100522459e-002
 231    1.154999971390e+000 -2.270362235606e-002
 232    1.159999966621e+000 -1.955516157672e-002
 233    1.164999961853e+000 -1.685597594827e-002
 234    1.169999957085e+000 -1.439578384161e-002
 235    1.174999952316e+000 -1.190457468387e-002
 236    1.179999947548e+000 -9.084553159773e-003
 237    1.184999942780e+000 -5.650870448444e-003
 238    1.190000057220e+000 -1.376846581697e-003
 239    1.195000052452e+000  3.862307425588e-003
 240    1.200000047684e+000  1.005430338904e-002
 241    1.205000042915e+000  1.703005472198e-002
 242    1.210000038147e+000  2.446499127895e-002
 243    1.215000033379e+000  3.190393500030e-002
 244    1.220000028610e+000  3.880816545337e-002
 245    1.225000023842e+000  4.461896304041e-002
 246    1.230000019073e+000  4.882853541523e-002
 247    1.235000014305e+000  5.104747243226e-002
 248    1.240000009537e+000  5.105847805738e-002
 249    1.245000004768e+000  4.884871862829e-002
 250    1.250000000000e+000  4.461703492329e-002
 251    1.254999995232e+000  3.875599604100e-002
 252    1.259999990463e+000  3.181202396750e-002
 253    1.264999985695e+000  2.442828938831e-002
 254    1.269999980927e+000  1.727602838539e-002
 255    1.274999976158e+000  1.098014883231e-002
 256    1.279999971390e+000  6.045638956130e-003
 257    1.284999966621e+000  2.792406768203e-003
 258    1.289999961853e+000  1.307358747581e-003
 259    1.294999957085e+000  1.422870685346e-003
 260    1.299999952316e+000  2.729389701854e-003
 261    1.304999947548e+000  4.626139733009e-003
 262    1.309999942780e+000  6.407966930419e-003
 263    1.315000057220e+000  7.379265022464e-003
 264    1.320000052452e+000  6.979152178392e-003
 265    1.325000047684e+000  4.897390892729e-003
 266    1.330000042915e+000  1.159202256240e-003
 267    1.335000038147e+000 -3.840081663802e-003
 268    1.340000033379e+000 -9.362892289064e-003
 269    1.345000028610e+000 -1.442242305493e-002
 270    1.350000023842e+000 -1.793199876789e-002
 271    1.355000019073e+000 -1.889092714060e-002
 272    1.360000014305e+000 -1.657794510014e-002
 273    1.365000009537e+000 -1.071841760830e-002
 274    1.370000004768e+000 -1.591976420023e-003
 275    1.375000000000e+000  9.945769021288e-003
 276    1.379999995232e+000  2.254078652710e-002
 277    1.384999990463e+000  3.451327700168e-002
 278    1.389999985695e+000  4.410230081528e-002
 279    1.394999980927e+000  4.974295727909e-002
 280    1.399999976158e+000  5.032687343657e-002
 281    1.404999971390e+000  4.539679154754e-002
 282    1.409999966621e+000  3.523625228554e-002
 283    1.414999961853e+000  2.083464480937e-002
 284    1.419999957085e+000  3.731853738427e-003
 285    1.424999952316e+000 -1.422966957092e-002
 286    1.429999947548e+000 -3.119959495496e-002
 287    1.434999942780e+000 -4.560650063679e-002
 288    1.440000057220e+000 -5.638448996469e-002
 289    1.445000052452e+000 -6.309983424842e-002
 290    1.450000047684e+000 -6.595797535032e-002
 291    1.455000042915e+000 -6.569486480206e-002
 292    1.460000038147e+000 -6.337917009369e-002
 293    1.465000033379e+000 -6.016881374642e-002
 294    1.470000028610e+000 -5.707312483341e-002
 295    1.475000023842e+000 -5.476891200989e-002
 296    1.480000019073e+000 -5.350522398949e-002
 297    1.485000014305e+000 -5.311063185334e-002
 298    1.490000009537e+000 -5.309294661507e-002
 299    1.495000004768e+000 -5.280037535354e-002
 300    1.500000000000e+000 -5.160014770925e-002
