 2
X
Y
Displacement X Node 422 : Time
 401
 0    0.000000000000e+000  0.000000000000e+000
 1    3.749999916181e-003  2.999284304678e-003
 2    7.499999832362e-003  5.996825173497e-003
 3    1.125000044703e-002  8.991502225399e-003
 4    1.499999966472e-002  1.198222208768e-002
 5    1.875000074506e-002  1.496799010783e-002
 6    2.250000089407e-002  1.794795133173e-002
 7    2.624999918044e-002  2.092141471803e-002
 8    2.999999932945e-002  2.388786338270e-002
 9    3.375000134110e-002  2.684695832431e-002
 10    3.750000149012e-002  2.979853563011e-002
 11    4.125000163913e-002  3.274259716272e-002
 12    4.500000178814e-002  3.567929565907e-002
 13    4.874999821186e-002  3.860891610384e-002
 14    5.249999836087e-002  4.153186082840e-002
 15    5.624999850988e-002  4.444861784577e-002
 16    5.999999865890e-002  4.735973849893e-002
 17    6.374999880791e-002  5.026581138372e-002
 18    6.750000268221e-002  5.316742509604e-002
 19    7.124999910593e-002  5.606514587998e-002
 20    7.500000298023e-002  5.895950272679e-002
 21    7.874999940395e-002  6.185095384717e-002
 22    8.250000327826e-002  6.473989039660e-002
 23    8.624999970198e-002  6.762660294771e-002
 24    9.000000357628e-002  7.051131129265e-002
 25    9.375000000000e-002  7.339414954185e-002
 26    9.749999642372e-002  7.627518475056e-002
 27    1.012500002980e-001  7.915440946817e-002
 28    1.049999967217e-001  8.203176409006e-002
 29    1.087500005960e-001  8.490717411041e-002
 30    1.124999970198e-001  8.778050541878e-002
 31    1.162500008941e-001  9.065163135529e-002
 32    1.199999973178e-001  9.352038800716e-002
 33    1.237500011921e-001  9.638661146164e-002
 34    1.274999976158e-001  9.925013780594e-002
 35    1.312499940395e-001  1.021107956767e-001
 36    1.350000053644e-001  1.049684062600e-001
 37    1.387500017881e-001  1.078228130937e-001
 38    1.424999982119e-001  1.106738448143e-001
 39    1.462499946356e-001  1.135213598609e-001
 40    1.500000059605e-001  1.163652390242e-001
 41    1.537500023842e-001  1.192053779960e-001
 42    1.574999988079e-001  1.220416948199e-001
 43    1.612499952316e-001  1.248741373420e-001
 44    1.650000065565e-001  1.277026981115e-001
 45    1.687500029802e-001  1.305273771286e-001
 46    1.724999994040e-001  1.333481967449e-001
 47    1.762499958277e-001  1.361652016640e-001
 48    1.800000071526e-001  1.389784514904e-001
 49    1.837500035763e-001  1.417879909277e-001
 50    1.875000000000e-001  1.445938944817e-001
 51    1.912499964237e-001  1.473962068558e-001
 52    1.949999928474e-001  1.501950025558e-001
 53    1.987500041723e-001  1.529903113842e-001
 54    2.025000005960e-001  1.557821929455e-001
 55    2.062499970198e-001  1.585707217455e-001
 56    2.099999934435e-001  1.613559275866e-001
 57    2.137500047684e-001  1.641378849745e-001
 58    2.175000011921e-001  1.669166535139e-001
 59    2.212499976158e-001  1.696923077106e-001
 60    2.249999940395e-001  1.724648773670e-001
 61    2.287500053644e-001  1.752344369888e-001
 62    2.325000017881e-001  1.780010163784e-001
 63    2.362499982119e-001  1.807646602392e-001
 64    2.399999946356e-001  1.835253685713e-001
 65    2.437500059605e-001  1.862831264734e-001
 66    2.475000023842e-001  1.890379190445e-001
 67    2.512499988079e-001  1.917897015810e-001
 68    2.549999952316e-001  1.945384293795e-001
 69    2.587499916553e-001  1.972840428352e-001
 70    2.624999880791e-001  2.000264823437e-001
 71    2.662500143051e-001  2.027656584978e-001
 72    2.700000107288e-001  2.055015563965e-001
 73    2.737500071526e-001  2.082340866327e-001
 74    2.775000035763e-001  2.109632194042e-001
 75    2.812500000000e-001  2.136889100075e-001
 76    2.849999964237e-001  2.164111435413e-001
 77    2.887499928474e-001  2.191298753023e-001
 78    2.924999892712e-001  2.218451201916e-001
 79    2.962499856949e-001  2.245568484068e-001
 80    3.000000119209e-001  2.272651046515e-001
 81    3.037500083447e-001  2.299699038267e-001
 82    3.075000047684e-001  2.326712757349e-001
 83    3.112500011921e-001  2.353692799807e-001
 84    3.149999976158e-001  2.380639761686e-001
 85    3.187499940395e-001  2.407554537058e-001
 86    3.224999904633e-001  2.434438019991e-001
 87    3.262499868870e-001  2.461291253567e-001
 88    3.300000131130e-001  2.488115280867e-001
 89    3.337500095367e-001  2.514911293983e-001
 90    3.375000059605e-001  2.541680037975e-001
 91    3.412500023842e-001  2.568422853947e-001
 92    3.449999988079e-001  2.595140337944e-001
 93    3.487499952316e-001  2.621833384037e-001
 94    3.524999916553e-001  2.648502588272e-001
 95    3.562499880791e-001  2.675148546696e-001
 96    3.600000143051e-001  2.701770961285e-001
 97    3.637500107288e-001  2.728370726109e-001
 98    3.675000071526e-001  2.754947841167e-001
 99    3.712500035763e-001  2.781501710415e-001
 100    3.750000000000e-001  2.808032631874e-001
 101    3.787499964237e-001  2.834540605545e-001
 102    3.824999928474e-001  2.861025035381e-001
 103    3.862499892712e-001  2.887485623360e-001
 104    3.899999856949e-001  2.913922071457e-001
 105    3.937500119209e-001  2.940333783627e-001
 106    3.975000083447e-001  2.966720461845e-001
 107    4.012500047684e-001  2.993081212044e-001
 108    4.050000011921e-001  3.019416332245e-001
 109    4.087499976158e-001  3.045724630356e-001
 110    4.124999940395e-001  3.072006106377e-001
 111    4.162499904633e-001  3.098260462284e-001
 112    4.199999868870e-001  3.124487102032e-001
 113    4.237500131130e-001  3.150686323643e-001
 114    4.275000095367e-001  3.176857829094e-001
 115    4.312500059605e-001  3.203001618385e-001
 116    4.350000023842e-001  3.229117691517e-001
 117    4.387499988079e-001  3.255206644535e-001
 118    4.424999952316e-001  3.281268477440e-001
 119    4.462499916553e-001  3.307303488255e-001
 120    4.499999880791e-001  3.333311975002e-001
 121    4.537500143051e-001  3.359293937683e-001
 122    4.575000107288e-001  3.385249972343e-001
 123    4.612500071526e-001  3.411179780960e-001
 124    4.650000035763e-001  3.437084257603e-001
 125    4.687500000000e-001  3.462963402271e-001
 126    4.724999964237e-001  3.488817512989e-001
 127    4.762499928474e-001  3.514646589756e-001
 128    4.799999892712e-001  3.540450930595e-001
 129    4.837499856949e-001  3.566230833530e-001
 130    4.875000119209e-001  3.591986596584e-001
 131    4.912500083447e-001  3.617718219757e-001
 132    4.950000047684e-001  3.643425405025e-001
 133    4.987500011921e-001  3.669108748436e-001
 134    5.024999976158e-001  3.694767355919e-001
 135    5.062500238419e-001  3.720401525497e-001
 136    5.099999904633e-001  3.746010959148e-001
 137    5.137500166893e-001  3.771595358849e-001
 138    5.174999833107e-001  3.797154426575e-001
 139    5.212500095367e-001  3.822687864304e-001
 140    5.249999761581e-001  3.848195374012e-001
 141    5.287500023842e-001  3.873676657677e-001
 142    5.325000286102e-001  3.899131417274e-001
 143    5.362499952316e-001  3.924559652805e-001
 144    5.400000214577e-001  3.949961662292e-001
 145    5.437499880791e-001  3.975336849689e-001
 146    5.475000143051e-001  4.000685513020e-001
 147    5.512499809265e-001  4.026007652283e-001
 148    5.550000071526e-001  4.051303565502e-001
 149    5.587499737740e-001  4.076573252678e-001
 150    5.625000000000e-001  4.101816713810e-001
 151    5.662500262260e-001  4.127034246922e-001
 152    5.699999928474e-001  4.152226150036e-001
 153    5.737500190735e-001  4.177392423153e-001
 154    5.774999856949e-001  4.202533364296e-001
 155    5.812500119209e-001  4.227649569511e-001
 156    5.849999785423e-001  4.252740740776e-001
 157    5.887500047684e-001  4.277807176113e-001
 158    5.924999713898e-001  4.302849471569e-001
 159    5.962499976158e-001  4.327867925167e-001
 160    6.000000238419e-001  4.352862238884e-001
 161    6.037499904633e-001  4.377832710743e-001
 162    6.075000166893e-001  4.402779638767e-001
 163    6.112499833107e-001  4.427703022957e-001
 164    6.150000095367e-001  4.452603161335e-001
 165    6.187499761581e-001  4.477479755878e-001
 166    6.225000023842e-001  4.502332806587e-001
 167    6.262500286102e-001  4.527162015438e-001
 168    6.299999952316e-001  4.551967978477e-001
 169    6.337500214577e-001  4.576750397682e-001
 170    6.374999880791e-001  4.601508975029e-001
 171    6.412500143051e-001  4.626244008541e-001
 172    6.449999809265e-001  4.650954902172e-001
 173    6.487500071526e-001  4.675642251968e-001
 174    6.524999737740e-001  4.700305461884e-001
 175    6.562500000000e-001  4.724944531918e-001
 176    6.600000262260e-001  4.749559462070e-001
 177    6.637499928474e-001  4.774149656296e-001
 178    6.675000190735e-001  4.798715412617e-001
 179    6.712499856949e-001  4.823256433010e-001
 180    6.750000119209e-001  4.847772419453e-001
 181    6.787499785423e-001  4.872263073921e-001
 182    6.825000047684e-001  4.896728694439e-001
 183    6.862499713898e-001  4.921168386936e-001
 184    6.899999976158e-001  4.945582449436e-001
 185    6.937500238419e-001  4.969970881939e-001
 186    6.974999904633e-001  4.994333386421e-001
 187    7.012500166893e-001  5.018670558929e-001
 188    7.049999833107e-001  5.042981505394e-001
 189    7.087500095367e-001  5.067266821861e-001
 190    7.124999761581e-001  5.091527104378e-001
 191    7.162500023842e-001  5.115761756897e-001
 192    7.200000286102e-001  5.139971375465e-001
 193    7.237499952316e-001  5.164155960083e-001
 194    7.275000214577e-001  5.188316106796e-001
 195    7.312499880791e-001  5.212451815605e-001
 196    7.350000143051e-001  5.236563682556e-001
 197    7.387499809265e-001  5.260651707649e-001
 198    7.425000071526e-001  5.284716486931e-001
 199    7.462499737740e-001  5.308757424355e-001
 200    7.500000000000e-001  5.332775712013e-001
 201    7.537500262260e-001  5.356770753860e-001
 202    7.574999928474e-001  5.380743145943e-001
 203    7.612500190735e-001  5.404692888260e-001
 204    7.649999856949e-001  5.428619384766e-001
 205    7.687500119209e-001  5.452523231506e-001
 206    7.724999785423e-001  5.476404428482e-001
 207    7.762500047684e-001  5.500262379646e-001
 208    7.799999713898e-001  5.524097084999e-001
 209    7.837499976158e-001  5.547908544540e-001
 210    7.875000238419e-001  5.571697354317e-001
 211    7.912499904633e-001  5.595462322235e-001
 212    7.950000166893e-001  5.619204044342e-001
 213    7.987499833107e-001  5.642922520638e-001
 214    8.025000095367e-001  5.666617751122e-001
 215    8.062499761581e-001  5.690289735794e-001
 216    8.100000023842e-001  5.713939070702e-001
 217    8.137500286102e-001  5.737565159798e-001
 218    8.174999952316e-001  5.761168599129e-001
 219    8.212500214577e-001  5.784748792648e-001
 220    8.249999880791e-001  5.808306932449e-001
 221    8.287500143051e-001  5.831841826439e-001
 222    8.324999809265e-001  5.855354666710e-001
 223    8.362500071526e-001  5.878845453262e-001
 224    8.399999737740e-001  5.902313590050e-001
 225    8.437500000000e-001  5.925759673119e-001
 226    8.475000262260e-001  5.949183106422e-001
 227    8.512499928474e-001  5.972585082054e-001
 228    8.550000190735e-001  5.995965003967e-001
 229    8.587499856949e-001  6.019322276115e-001
 230    8.625000119209e-001  6.042658090591e-001
 231    8.662499785423e-001  6.065971851349e-001
 232    8.700000047684e-001  6.089264154434e-001
 233    8.737499713898e-001  6.112533807755e-001
 234    8.774999976158e-001  6.135782003403e-001
 235    8.812500238419e-001  6.159008741379e-001
 236    8.849999904633e-001  6.182212829590e-001
 237    8.887500166893e-001  6.205395460129e-001
 238    8.924999833107e-001  6.228556036949e-001
 239    8.962500095367e-001  6.251694560051e-001
 240    8.999999761581e-001  6.274811029434e-001
 241    9.037500023842e-001  6.297905445099e-001
 242    9.075000286102e-001  6.320978403091e-001
 243    9.112499952316e-001  6.344028711319e-001
 244    9.150000214577e-001  6.367056369781e-001
 245    9.187499880791e-001  6.390062570572e-001
 246    9.225000143051e-001  6.413045525551e-001
 247    9.262499809265e-001  6.436006426811e-001
 248    9.300000071526e-001  6.458944678307e-001
 249    9.337499737740e-001  6.481859683990e-001
 250    9.375000000000e-001  6.504751443863e-001
 251    9.412500262260e-001  6.527620553970e-001
 252    9.449999928474e-001  6.550466418266e-001
 253    9.487500190735e-001  6.573288440704e-001
 254    9.524999856949e-001  6.596087813377e-001
 255    9.562500119209e-001  6.618863940239e-001
 256    9.599999785423e-001  6.641616821289e-001
 257    9.637500047684e-001  6.664347052574e-001
 258    9.674999713898e-001  6.687054634094e-001
 259    9.712499976158e-001  6.709740161896e-001
 260    9.750000238419e-001  6.732403635979e-001
 261    9.787499904633e-001  6.755045652390e-001
 262    9.825000166893e-001  6.777666807175e-001
 263    9.862499833107e-001  6.800266504288e-001
 264    9.900000095367e-001  6.822846531868e-001
 265    9.937499761581e-001  6.845406889915e-001
 266    9.975000023842e-001  6.867946982384e-001
 267    1.001250028610e+000  6.890468001366e-001
 268    1.004999995232e+000  6.912969946861e-001
 269    1.008749961853e+000  6.935453414917e-001
 270    1.012500047684e+000  6.957917213440e-001
 271    1.016250014305e+000  6.980362534523e-001
 272    1.019999980927e+000  7.002788782120e-001
 273    1.023749947548e+000  7.025195956230e-001
 274    1.027500033379e+000  7.047583460808e-001
 275    1.031250000000e+000  7.069951295853e-001
 276    1.034999966621e+000  7.092298865318e-001
 277    1.038750052452e+000  7.114626169205e-001
 278    1.042500019073e+000  7.136932015419e-001
 279    1.046249985695e+000  7.159216403961e-001
 280    1.049999952316e+000  7.181478738785e-001
 281    1.053750038147e+000  7.203719615936e-001
 282    1.057500004768e+000  7.225937247276e-001
 283    1.061249971390e+000  7.248132824898e-001
 284    1.065000057220e+000  7.270305752754e-001
 285    1.068750023842e+000  7.292455434799e-001
 286    1.072499990463e+000  7.314583063126e-001
 287    1.076249957085e+000  7.336688637733e-001
 288    1.080000042915e+000  7.358771562576e-001
 289    1.083750009537e+000  7.380833029747e-001
 290    1.087499976158e+000  7.402872443199e-001
 291    1.091249942780e+000  7.424890995026e-001
 292    1.095000028610e+000  7.446889281273e-001
 293    1.098749995232e+000  7.468866705894e-001
 294    1.102499961853e+000  7.490825057030e-001
 295    1.106250047684e+000  7.512763142586e-001
 296    1.110000014305e+000  7.534682154655e-001
 297    1.113749980927e+000  7.556581497192e-001
 298    1.117499947548e+000  7.578462958336e-001
 299    1.121250033379e+000  7.600324749947e-001
 300    1.125000000000e+000  7.622168660164e-001
 301    1.128749966621e+000  7.643993496895e-001
 302    1.132500052452e+000  7.665799260139e-001
 303    1.136250019073e+000  7.687586545944e-001
 304    1.139999985695e+000  7.709354758263e-001
 305    1.143749952316e+000  7.731103301048e-001
 306    1.147500038147e+000  7.752833366394e-001
 307    1.151250004768e+000  7.774543762207e-001
 308    1.154999971390e+000  7.796234488487e-001
 309    1.158750057220e+000  7.817905545235e-001
 310    1.162500023842e+000  7.839556336403e-001
 311    1.166249990463e+000  7.861188054085e-001
 312    1.169999957085e+000  7.882800102234e-001
 313    1.173750042915e+000  7.904391884804e-001
 314    1.177500009537e+000  7.925964593887e-001
 315    1.181249976158e+000  7.947517633438e-001
 316    1.184999942780e+000  7.969051003456e-001
 317    1.188750028610e+000  7.990564703941e-001
 318    1.192499995232e+000  8.012059926987e-001
 319    1.196249961853e+000  8.033536076546e-001
 320    1.200000047684e+000  8.054993152618e-001
 321    1.203750014305e+000  8.076431155205e-001
 322    1.207499980927e+000  8.097850680351e-001
 323    1.211249947548e+000  8.119251728058e-001
 324    1.215000033379e+000  8.140634298325e-001
 325    1.218750000000e+000  8.161998987198e-001
 326    1.222499966621e+000  8.183344602585e-001
 327    1.226250052452e+000  8.204672336578e-001
 328    1.230000019073e+000  8.225982189178e-001
 329    1.233749985695e+000  8.247274160385e-001
 330    1.237499952316e+000  8.268548250198e-001
 331    1.241250038147e+000  8.289803862572e-001
 332    1.245000004768e+000  8.311042189598e-001
 333    1.248749971390e+000  8.332263231277e-001
 334    1.252500057220e+000  8.353465795517e-001
 335    1.256250023842e+000  8.374651670456e-001
 336    1.259999990463e+000  8.395819664001e-001
 337    1.263749957085e+000  8.416970372200e-001
 338    1.267500042915e+000  8.438103795052e-001
 339    1.271250009537e+000  8.459220528603e-001
 340    1.274999976158e+000  8.480319380760e-001
 341    1.278749942780e+000  8.501401543617e-001
 342    1.282500028610e+000  8.522466421127e-001
 343    1.286249995232e+000  8.543514013290e-001
 344    1.289999961853e+000  8.564544916153e-001
 345    1.293750047684e+000  8.585558533669e-001
 346    1.297500014305e+000  8.606555461884e-001
 347    1.301249980927e+000  8.627535104752e-001
 348    1.304999947548e+000  8.648498058319e-001
 349    1.308750033379e+000  8.669443726540e-001
 350    1.312500000000e+000  8.690372705460e-001
 351    1.316249966621e+000  8.711284995079e-001
 352    1.320000052452e+000  8.732180595398e-001
 353    1.323750019073e+000  8.753060102463e-001
 354    1.327499985695e+000  8.773922324181e-001
 355    1.331249952316e+000  8.794769048691e-001
 356    1.335000038147e+000  8.815599083900e-001
 357    1.338750004768e+000  8.836413621902e-001
 358    1.342499971390e+000  8.857212066650e-001
 359    1.346250057220e+000  8.877995014191e-001
 360    1.350000023842e+000  8.898761868477e-001
 361    1.353749990463e+000  8.919514417648e-001
 362    1.357499957085e+000  8.940250873566e-001
 363    1.361250042915e+000  8.960973024368e-001
 364    1.365000009537e+000  8.981679677963e-001
 365    1.368749976158e+000  9.002372026443e-001
 366    1.372499942780e+000  9.023049473763e-001
 367    1.376250028610e+000  9.043712019920e-001
 368    1.379999995232e+000  9.064359664917e-001
 369    1.383749961853e+000  9.084993004799e-001
 370    1.387500047684e+000  9.105611443520e-001
 371    1.391250014305e+000  9.126214981079e-001
 372    1.394999980927e+000  9.146803617477e-001
 373    1.398749947548e+000  9.167377948761e-001
 374    1.402500033379e+000  9.187936782837e-001
 375    1.406250000000e+000  9.208480715752e-001
 376    1.409999966621e+000  9.229009747505e-001
 377    1.413750052452e+000  9.249523282051e-001
 378    1.417500019073e+000  9.270021915436e-001
 379    1.421249985695e+000  9.290505051613e-001
 380    1.424999952316e+000  9.310972690582e-001
 381    1.428750038147e+000  9.331425428391e-001
 382    1.432500004768e+000  9.351862668991e-001
 383    1.436249971390e+000  9.372285008430e-001
 384    1.440000057220e+000  9.392691850662e-001
 385    1.443750023842e+000  9.413083195686e-001
 386    1.447499990463e+000  9.433459043503e-001
 387    1.451249957085e+000  9.453820586205e-001
 388    1.455000042915e+000  9.474166631699e-001
 389    1.458750009537e+000  9.494497179985e-001
 390    1.462499976158e+000  9.514813423157e-001
 391    1.466249942780e+000  9.535114169121e-001
 392    1.470000028610e+000  9.555400013924e-001
 393    1.473749995232e+000  9.575671553612e-001
 394    1.477499961853e+000  9.595928192139e-001
 395    1.481250047684e+000  9.616169333458e-001
 396    1.485000014305e+000  9.636396765709e-001
 397    1.488749980927e+000  9.656608700752e-001
 398    1.492499947548e+000  9.676806330681e-001
 399    1.496250033379e+000  9.696989059448e-001
 400    1.500000000000e+000  9.717157483101e-001
X
Y
Displacement Y Node 422 : Time
 401
 0    0.000000000000e+000  0.000000000000e+000
 1    3.749999916181e-003 -7.158096195781e-007
 2    7.499999832362e-003 -3.174727225996e-006
 3    1.125000044703e-002 -8.497947419528e-006
 4    1.499999966472e-002 -1.777875513653e-005
 5    1.875000074506e-002 -3.201196523150e-005
 6    2.250000089407e-002 -5.205255001783e-005
 7    2.624999918044e-002 -7.859226025175e-005
 8    2.999999932945e-002 -1.121482928284e-004
 9    3.375000134110e-002 -1.530606095912e-004
 10    3.750000149012e-002 -2.014960482484e-004
 11    4.125000163913e-002 -2.574577520136e-004
 12    4.500000178814e-002 -3.207995614503e-004
 13    4.874999821186e-002 -3.912442480214e-004
 14    5.249999836087e-002 -4.684055165853e-004
 15    5.624999850988e-002 -5.518128746189e-004
 16    5.999999865890e-002 -6.409385241568e-004
 17    6.374999880791e-002 -7.352252723649e-004
 18    6.750000268221e-002 -8.341137436219e-004
 19    7.124999910593e-002 -9.370676707476e-004
 20    7.500000298023e-002 -1.043595955707e-003
 21    7.874999940395e-002 -1.153269666247e-003
 22    8.250000327826e-002 -1.265733735636e-003
 23    8.624999970198e-002 -1.380712841637e-003
 24    9.000000357628e-002 -1.498011173680e-003
 25    9.375000000000e-002 -1.617508125491e-003
 26    9.749999642372e-002 -1.739149913192e-003
 27    1.012500002980e-001 -1.862938515842e-003
 28    1.049999967217e-001 -1.988921547309e-003
 29    1.087500005960e-001 -2.117180265486e-003
 30    1.124999970198e-001 -2.247821539640e-003
 31    1.162500008941e-001 -2.380969934165e-003
 32    1.199999973178e-001 -2.516762586311e-003
 33    1.237500011921e-001 -2.655346179381e-003
 34    1.274999976158e-001 -2.796872751787e-003
 35    1.312499940395e-001 -2.941499464214e-003
 36    1.350000053644e-001 -3.089384641498e-003
 37    1.387500017881e-001 -3.240684978664e-003
 38    1.424999982119e-001 -3.395551349968e-003
 39    1.462499946356e-001 -3.554124617949e-003
 40    1.500000059605e-001 -3.716530511156e-003
 41    1.537500023842e-001 -3.882875898853e-003
 42    1.574999988079e-001 -4.053245764226e-003
 43    1.612499952316e-001 -4.227699711919e-003
 44    1.650000065565e-001 -4.406275693327e-003
 45    1.687500029802e-001 -4.588989075273e-003
 46    1.724999994040e-001 -4.775836598128e-003
 47    1.762499958277e-001 -4.966801032424e-003
 48    1.800000071526e-001 -5.161856766790e-003
 49    1.837500035763e-001 -5.360971204937e-003
 50    1.875000000000e-001 -5.564110819250e-003
 51    1.912499964237e-001 -5.771240685135e-003
 52    1.949999928474e-001 -5.982326343656e-003
 53    1.987500041723e-001 -6.197332870215e-003
 54    2.025000005960e-001 -6.416221614927e-003
 55    2.062499970198e-001 -6.638952065259e-003
 56    2.099999934435e-001 -6.865477189422e-003
 57    2.137500047684e-001 -7.095744833350e-003
 58    2.175000011921e-001 -7.329698652029e-003
 59    2.212499976158e-001 -7.567279040813e-003
 60    2.249999940395e-001 -7.808426860720e-003
 61    2.287500053644e-001 -8.053086698055e-003
 62    2.325000017881e-001 -8.301211521029e-003
 63    2.362499982119e-001 -8.552765473723e-003
 64    2.399999946356e-001 -8.807725273073e-003
 65    2.437500059605e-001 -9.066085331142e-003
 66    2.475000023842e-001 -9.327851235867e-003
 67    2.512499988079e-001 -9.593047201633e-003
 68    2.549999952316e-001 -9.861703962088e-003
 69    2.587499916553e-001 -1.013386435807e-002
 70    2.624999880791e-001 -1.040957309306e-002
 71    2.662500143051e-001 -1.068887859583e-002
 72    2.700000107288e-001 -1.097182743251e-002
 73    2.737500071526e-001 -1.125846337527e-002
 74    2.775000035763e-001 -1.154882647097e-002
 75    2.812500000000e-001 -1.184294838458e-002
 76    2.849999964237e-001 -1.214085798711e-002
 77    2.887499928474e-001 -1.244257483631e-002
 78    2.924999892712e-001 -1.274811197072e-002
 79    2.962499856949e-001 -1.305747590959e-002
 80    3.000000119209e-001 -1.337066199630e-002
 81    3.037500083447e-001 -1.368765532970e-002
 82    3.075000047684e-001 -1.400843169540e-002
 83    3.112500011921e-001 -1.433295477182e-002
 84    3.149999976158e-001 -1.466117613018e-002
 85    3.187499940395e-001 -1.499303616583e-002
 86    3.224999904633e-001 -1.532846596092e-002
 87    3.262499868870e-001 -1.566738821566e-002
 88    3.300000131130e-001 -1.600972376764e-002
 89    3.337500095367e-001 -1.635538786650e-002
 90    3.375000059605e-001 -1.670430228114e-002
 91    3.412500023842e-001 -1.705638878047e-002
 92    3.449999988079e-001 -1.741158030927e-002
 93    3.487499952316e-001 -1.776981540024e-002
 94    3.524999916553e-001 -1.813104376197e-002
 95    3.562499880791e-001 -1.849522441626e-002
 96    3.600000143051e-001 -1.886232569814e-002
 97    3.637500107288e-001 -1.923232898116e-002
 98    3.675000071526e-001 -1.960521563888e-002
 99    3.712500035763e-001 -1.998098194599e-002
 100    3.750000000000e-001 -2.035962790251e-002
 101    3.787499964237e-001 -2.074115723372e-002
 102    3.824999928474e-001 -2.112558297813e-002
 103    3.862499892712e-001 -2.151292189956e-002
 104    3.899999856949e-001 -2.190319821239e-002
 105    3.937500119209e-001 -2.229643426836e-002
 106    3.975000083447e-001 -2.269265986979e-002
 107    4.012500047684e-001 -2.309191040695e-002
 108    4.050000011921e-001 -2.349421381950e-002
 109    4.087499976158e-001 -2.389960177243e-002
 110    4.124999940395e-001 -2.430810220540e-002
 111    4.162499904633e-001 -2.471973747015e-002
 112    4.199999868870e-001 -2.513452060521e-002
 113    4.237500131130e-001 -2.555246278644e-002
 114    4.275000095367e-001 -2.597356587648e-002
 115    4.312500059605e-001 -2.639782056212e-002
 116    4.350000023842e-001 -2.682521566749e-002
 117    4.387499988079e-001 -2.725573442876e-002
 118    4.424999952316e-001 -2.768935821950e-002
 119    4.462499916553e-001 -2.812606096268e-002
 120    4.499999880791e-001 -2.856582403183e-002
 121    4.537500143051e-001 -2.900862134993e-002
 122    4.575000107288e-001 -2.945443242788e-002
 123    4.612500071526e-001 -2.990324050188e-002
 124    4.650000035763e-001 -3.035502508283e-002
 125    4.687500000000e-001 -3.080976940691e-002
 126    4.724999964237e-001 -3.126746416092e-002
 127    4.762499928474e-001 -3.172808885574e-002
 128    4.799999892712e-001 -3.219164162874e-002
 129    4.837499856949e-001 -3.265810385346e-002
 130    4.875000119209e-001 -3.312747552991e-002
 131    4.912500083447e-001 -3.359974548221e-002
 132    4.950000047684e-001 -3.407490998507e-002
 133    4.987500011921e-001 -3.455297648907e-002
 134    5.024999976158e-001 -3.503394499421e-002
 135    5.062500238419e-001 -3.551782295108e-002
 136    5.099999904633e-001 -3.600461781025e-002
 137    5.137500166893e-001 -3.649434074759e-002
 138    5.174999833107e-001 -3.698700666428e-002
 139    5.212500095367e-001 -3.748262301087e-002
 140    5.249999761581e-001 -3.798120841384e-002
 141    5.287500023842e-001 -3.848276659846e-002
 142    5.325000286102e-001 -3.898731246591e-002
 143    5.362499952316e-001 -3.949484974146e-002
 144    5.400000214577e-001 -4.000538587570e-002
 145    5.437499880791e-001 -4.051891341805e-002
 146    5.475000143051e-001 -4.103543981910e-002
 147    5.512499809265e-001 -4.155495390296e-002
 148    5.550000071526e-001 -4.207744821906e-002
 149    5.587499737740e-001 -4.260291904211e-002
 150    5.625000000000e-001 -4.313134402037e-002
 151    5.662500262260e-001 -4.366271570325e-002
 152    5.699999928474e-001 -4.419701546431e-002
 153    5.737500190735e-001 -4.473422095180e-002
 154    5.774999856949e-001 -4.527431726456e-002
 155    5.812500119209e-001 -4.581727832556e-002
 156    5.849999785423e-001 -4.636308923364e-002
 157    5.887500047684e-001 -4.691172018647e-002
 158    5.924999713898e-001 -4.746315628290e-002
 159    5.962499976158e-001 -4.801737889647e-002
 160    6.000000238419e-001 -4.857437312603e-002
 161    6.037499904633e-001 -4.913411661983e-002
 162    6.075000166893e-001 -4.969660565257e-002
 163    6.112499833107e-001 -5.026182532310e-002
 164    6.150000095367e-001 -5.082977190614e-002
 165    6.187499761581e-001 -5.140043795109e-002
 166    6.225000023842e-001 -5.197381973267e-002
 167    6.262500286102e-001 -5.254990980029e-002
 168    6.299999952316e-001 -5.312871187925e-002
 169    6.337500214577e-001 -5.371021851897e-002
 170    6.374999880791e-001 -5.429442971945e-002
 171    6.412500143051e-001 -5.488134175539e-002
 172    6.449999809265e-001 -5.547095090151e-002
 173    6.487500071526e-001 -5.606325715780e-002
 174    6.524999737740e-001 -5.665825679898e-002
 175    6.562500000000e-001 -5.725594982505e-002
 176    6.600000262260e-001 -5.785633996129e-002
 177    6.637499928474e-001 -5.845941603184e-002
 178    6.675000190735e-001 -5.906518548727e-002
 179    6.712499856949e-001 -5.967364087701e-002
 180    6.750000119209e-001 -6.028478220105e-002
 181    6.787499785423e-001 -6.089860573411e-002
 182    6.825000047684e-001 -6.151510402560e-002
 183    6.862499713898e-001 -6.213427335024e-002
 184    6.899999976158e-001 -6.275609880686e-002
 185    6.937500238419e-001 -6.338057667017e-002
 186    6.974999904633e-001 -6.400769203901e-002
 187    7.012500166893e-001 -6.463743001223e-002
 188    7.049999833107e-001 -6.526978313923e-002
 189    7.087500095367e-001 -6.590472906828e-002
 190    7.124999761581e-001 -6.654226779938e-002
 191    7.162500023842e-001 -6.718237698078e-002
 192    7.200000286102e-001 -6.782504916191e-002
 193    7.237499952316e-001 -6.847026944160e-002
 194    7.275000214577e-001 -6.911802291870e-002
 195    7.312499880791e-001 -6.976829469204e-002
 196    7.350000143051e-001 -7.042107731104e-002
 197    7.387499809265e-001 -7.107635587454e-002
 198    7.425000071526e-001 -7.173412293196e-002
 199    7.462499737740e-001 -7.239435613155e-002
 200    7.500000000000e-001 -7.305704802275e-002
 201    7.537500262260e-001 -7.372219115496e-002
 202    7.574999928474e-001 -7.438977062702e-002
 203    7.612500190735e-001 -7.505978643894e-002
 204    7.649999856949e-001 -7.573222368956e-002
 205    7.687500119209e-001 -7.640708982944e-002
 206    7.724999785423e-001 -7.708436250687e-002
 207    7.762500047684e-001 -7.776405662298e-002
 208    7.799999713898e-001 -7.844614982605e-002
 209    7.837499976158e-001 -7.913064956665e-002
 210    7.875000238419e-001 -7.981754094362e-002
 211    7.912499904633e-001 -8.050681650639e-002
 212    7.950000166893e-001 -8.119846880436e-002
 213    7.987499833107e-001 -8.189246803522e-002
 214    8.025000095367e-001 -8.258879929781e-002
 215    8.062499761581e-001 -8.328744024038e-002
 216    8.100000023842e-001 -8.398836106062e-002
 217    8.137500286102e-001 -8.469153940678e-002
 218    8.174999952316e-001 -8.539693802595e-002
 219    8.212500214577e-001 -8.610451966524e-002
 220    8.249999880791e-001 -8.681426197290e-002
 221    8.287500143051e-001 -8.752612769604e-002
 222    8.324999809265e-001 -8.824008703232e-002
 223    8.362500071526e-001 -8.895611017942e-002
 224    8.399999737740e-001 -8.967418223619e-002
 225    8.437500000000e-001 -9.039428085089e-002
 226    8.475000262260e-001 -9.111639112234e-002
 227    8.512499928474e-001 -9.184051305056e-002
 228    8.550000190735e-001 -9.256663173437e-002
 229    8.587499856949e-001 -9.329475462437e-002
 230    8.625000119209e-001 -9.402488917112e-002
 231    8.662499785423e-001 -9.475705027580e-002
 232    8.700000047684e-001 -9.549125283957e-002
 233    8.737499713898e-001 -9.622751921415e-002
 234    8.774999976158e-001 -9.696586430073e-002
 235    8.812500238419e-001 -9.770632535219e-002
 236    8.849999904633e-001 -9.844892472029e-002
 237    8.887500166893e-001 -9.919368475676e-002
 238    8.924999833107e-001 -9.994063526392e-002
 239    8.962500095367e-001 -1.006898060441e-001
 240    8.999999761581e-001 -1.014412343502e-001
 241    9.037500023842e-001 -1.021949350834e-001
 242    9.075000286102e-001 -1.029509305954e-001
 243    9.112499952316e-001 -1.037092581391e-001
 244    9.150000214577e-001 -1.044699251652e-001
 245    9.187499880791e-001 -1.052329465747e-001
 246    9.225000143051e-001 -1.059983298182e-001
 247    9.262499809265e-001 -1.067660897970e-001
 248    9.300000071526e-001 -1.075362190604e-001
 249    9.337499737740e-001 -1.083087101579e-001
 250    9.375000000000e-001 -1.090835407376e-001
 251    9.412500262260e-001 -1.098606884480e-001
 252    9.449999928474e-001 -1.106401160359e-001
 253    9.487500190735e-001 -1.114217862487e-001
 254    9.524999856949e-001 -1.122056543827e-001
 255    9.562500119209e-001 -1.129916459322e-001
 256    9.599999785423e-001 -1.137797161937e-001
 257    9.637500047684e-001 -1.145697832108e-001
 258    9.674999713898e-001 -1.153617799282e-001
 259    9.712499976158e-001 -1.161556243896e-001
 260    9.750000238419e-001 -1.169512420893e-001
 261    9.787499904633e-001 -1.177485436201e-001
 262    9.825000166893e-001 -1.185474693775e-001
 263    9.862499833107e-001 -1.193479299545e-001
 264    9.900000095367e-001 -1.201498657465e-001
 265    9.937499761581e-001 -1.209531947970e-001
 266    9.975000023842e-001 -1.217578724027e-001
 267    1.001250028610e+000 -1.225638389587e-001
 268    1.004999995232e+000 -1.233710572124e-001
 269    1.008749961853e+000 -1.241794973612e-001
 270    1.012500047684e+000 -1.249891296029e-001
 271    1.016250014305e+000 -1.257999539375e-001
 272    1.019999980927e+000 -1.266119629145e-001
 273    1.023749947548e+000 -1.274251937866e-001
 274    1.027500033379e+000 -1.282396465540e-001
 275    1.031250000000e+000 -1.290553808212e-001
 276    1.034999966621e+000 -1.298724263906e-001
 277    1.038750052452e+000 -1.306908726692e-001
 278    1.042500019073e+000 -1.315107494593e-001
 279    1.046249985695e+000 -1.323321610689e-001
 280    1.049999952316e+000 -1.331551671028e-001
 281    1.053750038147e+000 -1.339798569679e-001
 282    1.057500004768e+000 -1.348062902689e-001
 283    1.061249971390e+000 -1.356345415115e-001
 284    1.065000057220e+000 -1.364646852016e-001
 285    1.068750023842e+000 -1.372967958450e-001
 286    1.072499990463e+000 -1.381308883429e-001
 287    1.076249957085e+000 -1.389670372009e-001
 288    1.080000042915e+000 -1.398052573204e-001
 289    1.083750009537e+000 -1.406455785036e-001
 290    1.087499976158e+000 -1.414879858494e-001
 291    1.091249942780e+000 -1.423324793577e-001
 292    1.095000028610e+000 -1.431790590286e-001
 293    1.098749995232e+000 -1.440276652575e-001
 294    1.102499961853e+000 -1.448782980442e-001
 295    1.106250047684e+000 -1.457308977842e-001
 296    1.110000014305e+000 -1.465854048729e-001
 297    1.113749980927e+000 -1.474417746067e-001
 298    1.117499947548e+000 -1.482999473810e-001
 299    1.121250033379e+000 -1.491598635912e-001
 300    1.125000000000e+000 -1.500214636326e-001
 301    1.128749966621e+000 -1.508846879005e-001
 302    1.132500052452e+000 -1.517494916916e-001
 303    1.136250019073e+000 -1.526158004999e-001
 304    1.139999985695e+000 -1.534835994244e-001
 305    1.143749952316e+000 -1.543528288603e-001
 306    1.147500038147e+000 -1.552234441042e-001
 307    1.151250004768e+000 -1.560954451561e-001
 308    1.154999971390e+000 -1.569687724113e-001
 309    1.158750057220e+000 -1.578434258699e-001
 310    1.162500023842e+000 -1.587193906307e-001
 311    1.166249990463e+000 -1.595966517925e-001
 312    1.169999957085e+000 -1.604752093554e-001
 313    1.173750042915e+000 -1.613550484180e-001
 314    1.177500009537e+000 -1.622361838818e-001
 315    1.181249976158e+000 -1.631186008453e-001
 316    1.184999942780e+000 -1.640023291111e-001
 317    1.188750028610e+000 -1.648873686790e-001
 318    1.192499995232e+000 -1.657737195492e-001
 319    1.196249961853e+000 -1.666614115238e-001
 320    1.200000047684e+000 -1.675504148006e-001
 321    1.203750014305e+000 -1.684407740831e-001
 322    1.207499980927e+000 -1.693324744701e-001
 323    1.211249947548e+000 -1.702255308628e-001
 324    1.215000033379e+000 -1.711199432611e-001
 325    1.218750000000e+000 -1.720156967640e-001
 326    1.222499966621e+000 -1.729128062725e-001
 327    1.226250052452e+000 -1.738112568855e-001
 328    1.230000019073e+000 -1.747110337019e-001
 329    1.233749985695e+000 -1.756121367216e-001
 330    1.237499952316e+000 -1.765145361423e-001
 331    1.241250038147e+000 -1.774182170630e-001
 332    1.245000004768e+000 -1.783231645823e-001
 333    1.248749971390e+000 -1.792293488979e-001
 334    1.252500057220e+000 -1.801367700100e-001
 335    1.256250023842e+000 -1.810453683138e-001
 336    1.259999990463e+000 -1.819551438093e-001
 337    1.263749957085e+000 -1.828660517931e-001
 338    1.267500042915e+000 -1.837780922651e-001
 339    1.271250009537e+000 -1.846912205219e-001
 340    1.274999976158e+000 -1.856054216623e-001
 341    1.278749942780e+000 -1.865206658840e-001
 342    1.282500028610e+000 -1.874369531870e-001
 343    1.286249995232e+000 -1.883542537689e-001
 344    1.289999961853e+000 -1.892725527287e-001
 345    1.293750047684e+000 -1.901918351650e-001
 346    1.297500014305e+000 -1.911121010780e-001
 347    1.301249980927e+000 -1.920333355665e-001
 348    1.304999947548e+000 -1.929555535316e-001
 349    1.308750033379e+000 -1.938787400723e-001
 350    1.312500000000e+000 -1.948028802872e-001
 351    1.316249966621e+000 -1.957280188799e-001
 352    1.320000052452e+000 -1.966541260481e-001
 353    1.323750019073e+000 -1.975812166929e-001
 354    1.327499985695e+000 -1.985092908144e-001
 355    1.331249952316e+000 -1.994383782148e-001
 356    1.335000038147e+000 -2.003684490919e-001
 357    1.338750004768e+000 -2.012995332479e-001
 358    1.342499971390e+000 -2.022316306829e-001
 359    1.346250057220e+000 -2.031647413969e-001
 360    1.350000023842e+000 -2.040988504887e-001
 361    1.353749990463e+000 -2.050339579582e-001
 362    1.357499957085e+000 -2.059700787067e-001
 363    1.361250042915e+000 -2.069071978331e-001
 364    1.365000009537e+000 -2.078453004360e-001
 365    1.368749976158e+000 -2.087843716145e-001
 366    1.372499942780e+000 -2.097244262695e-001
 367    1.376250028610e+000 -2.106654345989e-001
 368    1.379999995232e+000 -2.116073966026e-001
 369    1.383749961853e+000 -2.125502973795e-001
 370    1.387500047684e+000 -2.134941220284e-001
 371    1.391250014305e+000 -2.144388705492e-001
 372    1.394999980927e+000 -2.153845131397e-001
 373    1.398749947548e+000 -2.163310647011e-001
 374    1.402500033379e+000 -2.172785103321e-001
 375    1.406250000000e+000 -2.182268351316e-001
 376    1.409999966621e+000 -2.191760540009e-001
 377    1.413750052452e+000 -2.201261371374e-001
 378    1.417500019073e+000 -2.210770994425e-001
 379    1.421249985695e+000 -2.220289409161e-001
 380    1.424999952316e+000 -2.229816764593e-001
 381    1.428750038147e+000 -2.239352762699e-001
 382    1.432500004768e+000 -2.248897701502e-001
 383    1.436249971390e+000 -2.258451581001e-001
 384    1.440000057220e+000 -2.268014401197e-001
 385    1.443750023842e+000 -2.277586162090e-001
 386    1.447499990463e+000 -2.287167012691e-001
 387    1.451249957085e+000 -2.296756953001e-001
 388    1.455000042915e+000 -2.306356132030e-001
 389    1.458750009537e+000 -2.315964549780e-001
 390    1.462499976158e+000 -2.325582206249e-001
 391    1.466249942780e+000 -2.335209101439e-001
 392    1.470000028610e+000 -2.344845384359e-001
 393    1.473749995232e+000 -2.354491055012e-001
 394    1.477499961853e+000 -2.364146113396e-001
 395    1.481250047684e+000 -2.373810559511e-001
 396    1.485000014305e+000 -2.383484393358e-001
 397    1.488749980927e+000 -2.393167614937e-001
 398    1.492499947548e+000 -2.402860373259e-001
 399    1.496250033379e+000 -2.412562370300e-001
 400    1.500000000000e+000 -2.422273904085e-001
