 2
X
Y
Displacement X Node 422 : Time
 401
 0    0.000000000000e+000  0.000000000000e+000
 1    3.749999916181e-003  2.999284304678e-003
 2    7.499999832362e-003  5.996825173497e-003
 3    1.125000044703e-002  8.991502225399e-003
 4    1.499999966472e-002  1.198222208768e-002
 5    1.875000074506e-002  1.496799010783e-002
 6    2.250000089407e-002  1.794795133173e-002
 7    2.624999918044e-002  2.092141471803e-002
 8    2.999999932945e-002  2.388786338270e-002
 9    3.375000134110e-002  2.684695832431e-002
 10    3.750000149012e-002  2.979853563011e-002
 11    4.125000163913e-002  3.274259716272e-002
 12    4.500000178814e-002  3.567929565907e-002
 13    4.874999821186e-002  3.860891610384e-002
 14    5.249999836087e-002  4.153186082840e-002
 15    5.624999850988e-002  4.444861784577e-002
 16    5.999999865890e-002  4.735973849893e-002
 17    6.374999880791e-002  5.026581138372e-002
 18    6.750000268221e-002  5.316742509604e-002
 19    7.124999910593e-002  5.606514587998e-002
 20    7.500000298023e-002  5.895950272679e-002
 21    7.874999940395e-002  6.185095384717e-002
 22    8.250000327826e-002  6.473989039660e-002
 23    8.624999970198e-002  6.762660294771e-002
 24    9.000000357628e-002  7.051131129265e-002
 25    9.375000000000e-002  7.339414954185e-002
 26    9.749999642372e-002  7.627518475056e-002
 27    1.012500002980e-001  7.915440946817e-002
 28    1.049999967217e-001  8.203176409006e-002
 29    1.087500005960e-001  8.490717411041e-002
 30    1.124999970198e-001  8.778050541878e-002
 31    1.162500008941e-001  9.065163135529e-002
 32    1.199999973178e-001  9.352038800716e-002
 33    1.237500011921e-001  9.638661146164e-002
 34    1.274999976158e-001  9.925013780594e-002
 35    1.312499940395e-001  1.021107956767e-001
 36    1.350000053644e-001  1.049684062600e-001
 37    1.387500017881e-001  1.078228130937e-001
 38    1.424999982119e-001  1.106738448143e-001
 39    1.462499946356e-001  1.135213598609e-001
 40    1.500000059605e-001  1.163652390242e-001
 41    1.537500023842e-001  1.192053779960e-001
 42    1.574999988079e-001  1.220416948199e-001
 43    1.612499952316e-001  1.248741373420e-001
 44    1.650000065565e-001  1.277026981115e-001
 45    1.687500029802e-001  1.305273771286e-001
 46    1.724999994040e-001  1.333481967449e-001
 47    1.762499958277e-001  1.361652016640e-001
 48    1.800000071526e-001  1.389784514904e-001
 49    1.837500035763e-001  1.417879909277e-001
 50    1.875000000000e-001  1.445938944817e-001
 51    1.912499964237e-001  1.473962068558e-001
 52    1.949999928474e-001  1.501950025558e-001
 53    1.987500041723e-001  1.529903113842e-001
 54    2.025000005960e-001  1.557821929455e-001
 55    2.062499970198e-001  1.585707217455e-001
 56    2.099999934435e-001  1.613559275866e-001
 57    2.137500047684e-001  1.641378849745e-001
 58    2.175000011921e-001  1.669166535139e-001
 59    2.212499976158e-001  1.696923077106e-001
 60    2.249999940395e-001  1.724648773670e-001
 61    2.287500053644e-001  1.752344369888e-001
 62    2.325000017881e-001  1.780010163784e-001
 63    2.362499982119e-001  1.807646602392e-001
 64    2.399999946356e-001  1.835253685713e-001
 65    2.437500059605e-001  1.862831264734e-001
 66    2.475000023842e-001  1.890379190445e-001
 67    2.512499988079e-001  1.917897015810e-001
 68    2.549999952316e-001  1.945384293795e-001
 69    2.587499916553e-001  1.972840428352e-001
 70    2.624999880791e-001  2.000264823437e-001
 71    2.662500143051e-001  2.027656584978e-001
 72    2.700000107288e-001  2.055015563965e-001
 73    2.737500071526e-001  2.082340866327e-001
 74    2.775000035763e-001  2.109632194042e-001
 75    2.812500000000e-001  2.136889100075e-001
 76    2.849999964237e-001  2.164111435413e-001
 77    2.887499928474e-001  2.191298753023e-001
 78    2.924999892712e-001  2.218451201916e-001
 79    2.962499856949e-001  2.245568484068e-001
 80    3.000000119209e-001  2.272651046515e-001
 81    3.037500083447e-001  2.299699038267e-001
 82    3.075000047684e-001  2.326712757349e-001
 83    3.112500011921e-001  2.353692799807e-001
 84    3.149999976158e-001  2.380639761686e-001
 85    3.187499940395e-001  2.407554537058e-001
 86    3.224999904633e-001  2.434438019991e-001
 87    3.262499868870e-001  2.461291253567e-001
 88    3.300000131130e-001  2.488115280867e-001
 89    3.337500095367e-001  2.514911293983e-001
 90    3.375000059605e-001  2.541680037975e-001
 91    3.412500023842e-001  2.568422853947e-001
 92    3.449999988079e-001  2.595140337944e-001
 93    3.487499952316e-001  2.621833384037e-001
 94    3.524999916553e-001  2.648502588272e-001
 95    3.562499880791e-001  2.675148546696e-001
 96    3.600000143051e-001  2.701770961285e-001
 97    3.637500107288e-001  2.728370726109e-001
 98    3.675000071526e-001  2.754947841167e-001
 99    3.712500035763e-001  2.781501710415e-001
 100    3.750000000000e-001  2.808032631874e-001
 101    3.787499964237e-001  2.834540605545e-001
 102    3.824999928474e-001  2.861025035381e-001
 103    3.862499892712e-001  2.887485623360e-001
 104    3.899999856949e-001  2.913922071457e-001
 105    3.937500119209e-001  2.940333783627e-001
 106    3.975000083447e-001  2.966720461845e-001
 107    4.012500047684e-001  2.993081212044e-001
 108    4.050000011921e-001  3.019416332245e-001
 109    4.087499976158e-001  3.045724630356e-001
 110    4.124999940395e-001  3.072006106377e-001
 111    4.162499904633e-001  3.098260462284e-001
 112    4.199999868870e-001  3.124487102032e-001
 113    4.237500131130e-001  3.150686323643e-001
 114    4.275000095367e-001  3.176857829094e-001
 115    4.312500059605e-001  3.203001618385e-001
 116    4.350000023842e-001  3.229117691517e-001
 117    4.387499988079e-001  3.255206644535e-001
 118    4.424999952316e-001  3.281268477440e-001
 119    4.462499916553e-001  3.307303488255e-001
 120    4.499999880791e-001  3.333311975002e-001
 121    4.537500143051e-001  3.359293937683e-001
 122    4.575000107288e-001  3.385249972343e-001
 123    4.612500071526e-001  3.411179780960e-001
 124    4.650000035763e-001  3.437084257603e-001
 125    4.687500000000e-001  3.462963402271e-001
 126    4.724999964237e-001  3.488817512989e-001
 127    4.762499928474e-001  3.514646589756e-001
 128    4.799999892712e-001  3.540450930595e-001
 129    4.837499856949e-001  3.566230833530e-001
 130    4.875000119209e-001  3.591986596584e-001
 131    4.912500083447e-001  3.617718219757e-001
 132    4.950000047684e-001  3.643425405025e-001
 133    4.987500011921e-001  3.669108748436e-001
 134    5.024999976158e-001  3.694767355919e-001
 135    5.062500238419e-001  3.720401525497e-001
 136    5.099999904633e-001  3.746010959148e-001
 137    5.137500166893e-001  3.771595358849e-001
 138    5.174999833107e-001  3.797154426575e-001
 139    5.212500095367e-001  3.822687864304e-001
 140    5.249999761581e-001  3.848195374012e-001
 141    5.287500023842e-001  3.873676657677e-001
 142    5.325000286102e-001  3.899131417274e-001
 143    5.362499952316e-001  3.924559652805e-001
 144    5.400000214577e-001  3.949961662292e-001
 145    5.437499880791e-001  3.975336849689e-001
 146    5.475000143051e-001  4.000685513020e-001
 147    5.512499809265e-001  4.026007652283e-001
 148    5.550000071526e-001  4.051303565502e-001
 149    5.587499737740e-001  4.076573252678e-001
 150    5.625000000000e-001  4.101816713810e-001
 151    5.662500262260e-001  4.127034246922e-001
 152    5.699999928474e-001  4.152226150036e-001
 153    5.737500190735e-001  4.177392423153e-001
 154    5.774999856949e-001  4.202533364296e-001
 155    5.812500119209e-001  4.227649569511e-001
 156    5.849999785423e-001  4.252740740776e-001
 157    5.887500047684e-001  4.277807176113e-001
 158    5.924999713898e-001  4.302849471569e-001
 159    5.962499976158e-001  4.327867925167e-001
 160    6.000000238419e-001  4.352862238884e-001
 161    6.037499904633e-001  4.377832710743e-001
 162    6.075000166893e-001  4.402779638767e-001
 163    6.112499833107e-001  4.427703022957e-001
 164    6.150000095367e-001  4.452603161335e-001
 165    6.187499761581e-001  4.477479755878e-001
 166    6.225000023842e-001  4.502332806587e-001
 167    6.262500286102e-001  4.527162015438e-001
 168    6.299999952316e-001  4.551967978477e-001
 169    6.337500214577e-001  4.576750397682e-001
 170    6.374999880791e-001  4.601508975029e-001
 171    6.412500143051e-001  4.626244008541e-001
 172    6.449999809265e-001  4.650954902172e-001
 173    6.487500071526e-001  4.675642251968e-001
 174    6.524999737740e-001  4.700305461884e-001
 175    6.562500000000e-001  4.724944531918e-001
 176    6.600000262260e-001  4.749559462070e-001
 177    6.637499928474e-001  4.774149656296e-001
 178    6.675000190735e-001  4.798715412617e-001
 179    6.712499856949e-001  4.823256433010e-001
 180    6.750000119209e-001  4.847772419453e-001
 181    6.787499785423e-001  4.872263073921e-001
 182    6.825000047684e-001  4.896728694439e-001
 183    6.862499713898e-001  4.921168386936e-001
 184    6.899999976158e-001  4.945582449436e-001
 185    6.937500238419e-001  4.969970881939e-001
 186    6.974999904633e-001  4.994333386421e-001
 187    7.012500166893e-001  5.018670558929e-001
 188    7.049999833107e-001  5.042981505394e-001
 189    7.087500095367e-001  5.067266821861e-001
 190    7.124999761581e-001  5.091527104378e-001
 191    7.162500023842e-001  5.115761756897e-001
 192    7.200000286102e-001  5.139971375465e-001
 193    7.237499952316e-001  5.164155960083e-001
 194    7.275000214577e-001  5.188316106796e-001
 195    7.312499880791e-001  5.212451815605e-001
 196    7.350000143051e-001  5.236563682556e-001
 197    7.387499809265e-001  5.260651707649e-001
 198    7.425000071526e-001  5.284716486931e-001
 199    7.462499737740e-001  5.308757424355e-001
 200    7.500000000000e-001  5.332775712013e-001
 201    7.537500262260e-001  5.356770753860e-001
 202    7.574999928474e-001  5.380743145943e-001
 203    7.612500190735e-001  5.404692888260e-001
 204    7.649999856949e-001  5.428619384766e-001
 205    7.687500119209e-001  5.452523231506e-001
 206    7.724999785423e-001  5.476404428482e-001
 207    7.762500047684e-001  5.500262379646e-001
 208    7.799999713898e-001  5.524097084999e-001
 209    7.837499976158e-001  5.547908544540e-001
 210    7.875000238419e-001  5.571697354317e-001
 211    7.912499904633e-001  5.595462322235e-001
 212    7.950000166893e-001  5.619204044342e-001
 213    7.987499833107e-001  5.642922520638e-001
 214    8.025000095367e-001  5.666617751122e-001
 215    8.062499761581e-001  5.690289735794e-001
 216    8.100000023842e-001  5.713939070702e-001
 217    8.137500286102e-001  5.737565159798e-001
 218    8.174999952316e-001  5.761168599129e-001
 219    8.212500214577e-001  5.784748792648e-001
 220    8.249999880791e-001  5.808306932449e-001
 221    8.287500143051e-001  5.831841826439e-001
 222    8.324999809265e-001  5.855354666710e-001
 223    8.362500071526e-001  5.878845453262e-001
 224    8.399999737740e-001  5.902313590050e-001
 225    8.437500000000e-001  5.925759673119e-001
 226    8.475000262260e-001  5.949183106422e-001
 227    8.512499928474e-001  5.972585082054e-001
 228    8.550000190735e-001  5.995965003967e-001
 229    8.587499856949e-001  6.019322276115e-001
 230    8.625000119209e-001  6.042658090591e-001
 231    8.662499785423e-001  6.065971851349e-001
 232    8.700000047684e-001  6.089264154434e-001
 233    8.737499713898e-001  6.112533807755e-001
 234    8.774999976158e-001  6.135782003403e-001
 235    8.812500238419e-001  6.159008741379e-001
 236    8.849999904633e-001  6.182212829590e-001
 237    8.887500166893e-001  6.205395460129e-001
 238    8.924999833107e-001  6.228556036949e-001
 239    8.962500095367e-001  6.251694560051e-001
 240    8.999999761581e-001  6.274811029434e-001
 241    9.037500023842e-001  6.297905445099e-001
 242    9.075000286102e-001  6.320978403091e-001
 243    9.112499952316e-001  6.344028711319e-001
 244    9.150000214577e-001  6.367056369781e-001
 245    9.187499880791e-001  6.390062570572e-001
 246    9.225000143051e-001  6.413045525551e-001
 247    9.262499809265e-001  6.436006426811e-001
 248    9.300000071526e-001  6.458944678307e-001
 249    9.337499737740e-001  6.481859683990e-001
 250    9.375000000000e-001  6.504751443863e-001
 251    9.412500262260e-001  6.527620553970e-001
 252    9.449999928474e-001  6.550466418266e-001
 253    9.487500190735e-001  6.573288440704e-001
 254    9.524999856949e-001  6.596087813377e-001
 255    9.562500119209e-001  6.618863940239e-001
 256    9.599999785423e-001  6.641616821289e-001
 257    9.637500047684e-001  6.664347052574e-001
 258    9.674999713898e-001  6.687054634094e-001
 259    9.712499976158e-001  6.709740161896e-001
 260    9.750000238419e-001  6.732403635979e-001
 261    9.787499904633e-001  6.755045652390e-001
 262    9.825000166893e-001  6.777666807175e-001
 263    9.862499833107e-001  6.800266504288e-001
 264    9.900000095367e-001  6.822846531868e-001
 265    9.937499761581e-001  6.845406889915e-001
 266    9.975000023842e-001  6.867946982384e-001
 267    1.001250028610e+000  6.890468001366e-001
 268    1.004999995232e+000  6.912969946861e-001
 269    1.008749961853e+000  6.935453414917e-001
 270    1.012500047684e+000  6.957917213440e-001
 271    1.016250014305e+000  6.980362534523e-001
 272    1.019999980927e+000  7.002788782120e-001
 273    1.023749947548e+000  7.025195956230e-001
 274    1.027500033379e+000  7.047583460808e-001
 275    1.031250000000e+000  7.069951295853e-001
 276    1.034999966621e+000  7.092298865318e-001
 277    1.038750052452e+000  7.114626169205e-001
 278    1.042500019073e+000  7.136932015419e-001
 279    1.046249985695e+000  7.159216403961e-001
 280    1.049999952316e+000  7.181478738785e-001
 281    1.053750038147e+000  7.203719615936e-001
 282    1.057500004768e+000  7.225937247276e-001
 283    1.061249971390e+000  7.248132824898e-001
 284    1.065000057220e+000  7.270305752754e-001
 285    1.068750023842e+000  7.292455434799e-001
 286    1.072499990463e+000  7.314583063126e-001
 287    1.076249957085e+000  7.336688637733e-001
 288    1.080000042915e+000  7.358771562576e-001
 289    1.083750009537e+000  7.380833029747e-001
 290    1.087499976158e+000  7.402872443199e-001
 291    1.091249942780e+000  7.424890995026e-001
 292    1.095000028610e+000  7.446889281273e-001
 293    1.098749995232e+000  7.468866705894e-001
 294    1.102499961853e+000  7.490825057030e-001
 295    1.106250047684e+000  7.512763142586e-001
 296    1.110000014305e+000  7.534682154655e-001
 297    1.113749980927e+000  7.556581497192e-001
 298    1.117499947548e+000  7.578462958336e-001
 299    1.121250033379e+000  7.600324749947e-001
 300    1.125000000000e+000  7.622168660164e-001
 301    1.128749966621e+000  7.643993496895e-001
 302    1.132500052452e+000  7.665799260139e-001
 303    1.136250019073e+000  7.687586545944e-001
 304    1.139999985695e+000  7.709354758263e-001
 305    1.143749952316e+000  7.731103301048e-001
 306    1.147500038147e+000  7.752833366394e-001
 307    1.151250004768e+000  7.774543762207e-001
 308    1.154999971390e+000  7.796234488487e-001
 309    1.158750057220e+000  7.817905545235e-001
 310    1.162500023842e+000  7.839556336403e-001
 311    1.166249990463e+000  7.861188054085e-001
 312    1.169999957085e+000  7.882800102234e-001
 313    1.173750042915e+000  7.904391884804e-001
 314    1.177500009537e+000  7.925964593887e-001
 315    1.181249976158e+000  7.947517633438e-001
 316    1.184999942780e+000  7.969051003456e-001
 317    1.188750028610e+000  7.990564703941e-001
 318    1.192499995232e+000  8.012059926987e-001
 319    1.196249961853e+000  8.033536076546e-001
 320    1.200000047684e+000  8.054993152618e-001
 321    1.203750014305e+000  8.076431155205e-001
 322    1.207499980927e+000  8.097850680351e-001
 323    1.211249947548e+000  8.119251728058e-001
 324    1.215000033379e+000  8.140634298325e-001
 325    1.218750000000e+000  8.161998987198e-001
 326    1.222499966621e+000  8.183344602585e-001
 327    1.226250052452e+000  8.204672336578e-001
 328    1.230000019073e+000  8.225982189178e-001
 329    1.233749985695e+000  8.247274160385e-001
 330    1.237499952316e+000  8.268548250198e-001
 331    1.241250038147e+000  8.289803862572e-001
 332    1.245000004768e+000  8.311042189598e-001
 333    1.248749971390e+000  8.332263231277e-001
 334    1.252500057220e+000  8.353465795517e-001
 335    1.256250023842e+000  8.374651670456e-001
 336    1.259999990463e+000  8.395819664001e-001
 337    1.263749957085e+000  8.416970372200e-001
 338    1.267500042915e+000  8.438103795052e-001
 339    1.271250009537e+000  8.459220528603e-001
 340    1.274999976158e+000  8.480319380760e-001
 341    1.278749942780e+000  8.501401543617e-001
 342    1.282500028610e+000  8.522466421127e-001
 343    1.286249995232e+000  8.543514013290e-001
 344    1.289999961853e+000  8.564544916153e-001
 345    1.293750047684e+000  8.585558533669e-001
 346    1.297500014305e+000  8.606555461884e-001
 347    1.301249980927e+000  8.627535104752e-001
 348    1.304999947548e+000  8.648498058319e-001
 349    1.308750033379e+000  8.669443726540e-001
 350    1.312500000000e+000  8.690372705460e-001
 351    1.316249966621e+000  8.711284995079e-001
 352    1.320000052452e+000  8.732180595398e-001
 353    1.323750019073e+000  8.753060102463e-001
 354    1.327499985695e+000  8.773922324181e-001
 355    1.331249952316e+000  8.794769048691e-001
 356    1.335000038147e+000  8.815599083900e-001
 357    1.338750004768e+000  8.836413621902e-001
 358    1.342499971390e+000  8.857212066650e-001
 359    1.346250057220e+000  8.877995014191e-001
 360    1.350000023842e+000  8.898761868477e-001
 361    1.353749990463e+000  8.919514417648e-001
 362    1.357499957085e+000  8.940250873566e-001
 363    1.361250042915e+000  8.960973024368e-001
 364    1.365000009537e+000  8.981679677963e-001
 365    1.368749976158e+000  9.002372026443e-001
 366    1.372499942780e+000  9.023049473763e-001
 367    1.376250028610e+000  9.043712019920e-001
 368    1.379999995232e+000  9.064359664917e-001
 369    1.383749961853e+000  9.084993004799e-001
 370    1.387500047684e+000  9.105611443520e-001
 371    1.391250014305e+000  9.126214981079e-001
 372    1.394999980927e+000  9.146803617477e-001
 373    1.398749947548e+000  9.167377948761e-001
 374    1.402500033379e+000  9.187936782837e-001
 375    1.406250000000e+000  9.208480715752e-001
 376    1.409999966621e+000  9.229009747505e-001
 377    1.413750052452e+000  9.249523282051e-001
 378    1.417500019073e+000  9.270021915436e-001
 379    1.421249985695e+000  9.290505051613e-001
 380    1.424999952316e+000  9.310972690582e-001
 381    1.428750038147e+000  9.331425428391e-001
 382    1.432500004768e+000  9.351862668991e-001
 383    1.436249971390e+000  9.372285008430e-001
 384    1.440000057220e+000  9.392691850662e-001
 385    1.443750023842e+000  9.413083195686e-001
 386    1.447499990463e+000  9.433459043503e-001
 387    1.451249957085e+000  9.453820586205e-001
 388    1.455000042915e+000  9.474166631699e-001
 389    1.458750009537e+000  9.494497179985e-001
 390    1.462499976158e+000  9.514813423157e-001
 391    1.466249942780e+000  9.535114169121e-001
 392    1.470000028610e+000  9.555400013924e-001
 393    1.473749995232e+000  9.575671553612e-001
 394    1.477499961853e+000  9.595928192139e-001
 395    1.481250047684e+000  9.616169333458e-001
 396    1.485000014305e+000  9.636396765709e-001
 397    1.488749980927e+000  9.656608700752e-001
 398    1.492499947548e+000  9.676806330681e-001
 399    1.496250033379e+000  9.696989059448e-001
 400    1.500000000000e+000  9.717157483101e-001
X
Y
Displacement Y Node 2702 : Time
 401
 0    0.000000000000e+000  0.000000000000e+000
 1    3.749999916181e-003 -6.712456933534e-020
 2    7.499999832362e-003 -9.377409269920e-020
 3    1.125000044703e-002  1.656817046797e-019
 4    1.499999966472e-002  5.969685449601e-019
 5    1.875000074506e-002  1.044593559432e-018
 6    2.250000089407e-002  1.458890381349e-018
 7    2.624999918044e-002  1.819306622718e-018
 8    2.999999932945e-002  1.954814523486e-018
 9    3.375000134110e-002  1.947796723169e-018
 10    3.750000149012e-002  1.609510975306e-018
 11    4.125000163913e-002  9.675061166059e-019
 12    4.500000178814e-002  1.824853876852e-019
 13    4.874999821186e-002 -6.980011087603e-019
 14    5.249999836087e-002 -1.596616263532e-018
 15    5.624999850988e-002 -2.544862927140e-018
 16    5.999999865890e-002 -3.822815200914e-018
 17    6.374999880791e-002 -5.412724167051e-018
 18    6.750000268221e-002 -7.532876585350e-018
 19    7.124999910593e-002 -1.030932733654e-017
 20    7.500000298023e-002 -1.340909486503e-017
 21    7.874999940395e-002 -1.610874355071e-017
 22    8.250000327826e-002 -1.736123892754e-017
 23    8.624999970198e-002 -1.612806648982e-017
 24    9.000000357628e-002 -1.157109623522e-017
 25    9.375000000000e-002 -3.357040344538e-018
 26    9.749999642372e-002  8.546042141191e-018
 27    1.012500002980e-001  2.326669969624e-017
 28    1.049999967217e-001  3.895911166412e-017
 29    1.087500005960e-001  5.313363231871e-017
 30    1.124999970198e-001  6.304815627504e-017
 31    1.162500008941e-001  6.582950807136e-017
 32    1.199999973178e-001  5.949076348036e-017
 33    1.237500011921e-001  4.329453730807e-017
 34    1.274999976158e-001  1.796050646591e-017
 35    1.312499940395e-001 -1.449858685754e-017
 36    1.350000053644e-001 -5.034402195116e-017
 37    1.387500017881e-001 -8.442858473528e-017
 38    1.424999982119e-001 -1.108965445396e-016
 39    1.462499946356e-001 -1.249566429544e-016
 40    1.500000059605e-001 -1.228702949262e-016
 41    1.537500023842e-001 -1.027177201324e-016
 42    1.574999988079e-001 -6.500606631518e-017
 43    1.612499952316e-001 -1.348576706319e-017
 44    1.650000065565e-001  4.556066477061e-017
 45    1.687500029802e-001  1.041945353108e-016
 46    1.724999994040e-001  1.530782823871e-016
 47    1.762499958277e-001  1.835556527949e-016
 48    1.800000071526e-001  1.884642219592e-016
 49    1.837500035763e-001  1.636940669057e-016
 50    1.875000000000e-001  1.089829449105e-016
 51    1.912499964237e-001  2.842817602403e-017
 52    1.949999928474e-001 -6.972051273325e-017
 53    1.987500041723e-001 -1.735117743344e-016
 54    2.025000005960e-001 -2.695534388569e-016
 55    2.062499970198e-001 -3.439388929029e-016
 56    2.099999934435e-001 -3.855563479888e-016
 57    2.137500047684e-001 -3.858943141348e-016
 58    2.175000011921e-001 -3.412080057414e-016
 59    2.212499976158e-001 -2.536159580889e-016
 60    2.249999940395e-001 -1.300981726490e-016
 61    2.287500053644e-001  1.785585488354e-017
 62    2.325000017881e-001  1.750495361804e-016
 63    2.362499982119e-001  3.248040215777e-016
 64    2.399999946356e-001  4.519004418105e-016
 65    2.437500059605e-001  5.421869542078e-016
 66    2.475000023842e-001  5.858815723084e-016
 67    2.512499988079e-001  5.786832745644e-016
 68    2.549999952316e-001  5.223521954402e-016
 69    2.587499916553e-001  4.239564278339e-016
 70    2.624999880791e-001  2.960544792683e-016
 71    2.662500143051e-001  1.534336921178e-016
 72    2.700000107288e-001  1.280802572728e-017
 73    2.737500071526e-001 -1.097441893021e-016
 74    2.775000035763e-001 -1.991553262356e-016
 75    2.812500000000e-001 -2.437918846782e-016
 76    2.849999964237e-001 -2.367238447196e-016
 77    2.887499928474e-001 -1.749056861631e-016
 78    2.924999892712e-001 -5.934497455176e-017
 79    2.962499856949e-001  1.065532441362e-016
 80    3.000000119209e-001  3.156682418460e-016
 81    3.037500083447e-001  5.609879622028e-016
 82    3.075000047684e-001  8.340627552495e-016
 83    3.112500011921e-001  1.127586564769e-015
 84    3.149999976158e-001  1.434393439089e-015
 85    3.187499940395e-001  1.748877184767e-015
 86    3.224999904633e-001  2.066237136697e-015
 87    3.262499868870e-001  2.382210707451e-015
 88    3.300000131130e-001  2.694850144766e-015
 89    3.337500095367e-001  3.001282948160e-015
 90    3.375000059605e-001  3.298682992205e-015
 91    3.412500023842e-001  3.583806987745e-015
 92    3.449999988079e-001  3.853972381436e-015
 93    3.487499952316e-001  4.106987475528e-015
 94    3.524999916553e-001  4.341287800167e-015
 95    3.562499880791e-001  4.556811521948e-015
 96    3.600000143051e-001  4.754377298214e-015
 97    3.637500107288e-001  4.936922639226e-015
 98    3.675000071526e-001  5.107633235899e-015
 99    3.712500035763e-001  5.272456106556e-015
 100    3.750000000000e-001  5.438038765766e-015
 101    3.787499964237e-001  5.611498407870e-015
 102    3.824999928474e-001  5.799984414457e-015
 103    3.862499892712e-001  6.008324026296e-015
 104    3.899999856949e-001  6.241880656007e-015
 105    3.937500119209e-001  6.502108235645e-015
 106    3.975000083447e-001  6.788441370717e-015
 107    4.012500047684e-001  7.101207439458e-015
 108    4.050000011921e-001  7.438198650490e-015
 109    4.087499976158e-001  7.798523925153e-015
 110    4.124999940395e-001  8.179667575594e-015
 111    4.162499904633e-001  8.578842863416e-015
 112    4.199999868870e-001  8.994955422051e-015
 113    4.237500131130e-001  9.427591899421e-015
 114    4.275000095367e-001  9.875546120610e-015
 115    4.312500059605e-001  1.033776352960e-014
 116    4.350000023842e-001  1.081458802176e-014
 117    4.387499988079e-001  1.130669722346e-014
 118    4.424999952316e-001  1.181298999185e-014
 119    4.462499916553e-001  1.233194082061e-014
 120    4.499999880791e-001  1.286087986189e-014
 121    4.537500143051e-001  1.339826466868e-014
 122    4.575000107288e-001  1.394044791712e-014
 123    4.612500071526e-001  1.448324018225e-014
 124    4.650000035763e-001  1.502435023994e-014
 125    4.687500000000e-001  1.556173335267e-014
 126    4.724999964237e-001  1.609420367430e-014
 127    4.762499928474e-001  1.662141222727e-014
 128    4.799999892712e-001  1.714293041289e-014
 129    4.837499856949e-001  1.765800098372e-014
 130    4.875000119209e-001  1.816569897978e-014
 131    4.912500083447e-001  1.866528240020e-014
 132    4.950000047684e-001  1.915457606438e-014
 133    4.987500011921e-001  1.963175376928e-014
 134    5.024999976158e-001  2.009585836767e-014
 135    5.062500238419e-001  2.054419798885e-014
 136    5.099999904633e-001  2.097565116120e-014
 137    5.137500166893e-001  2.139016706273e-014
 138    5.174999833107e-001  2.178795745168e-014
 139    5.212500095367e-001  2.217068251263e-014
 140    5.249999761581e-001  2.253959585435e-014
 141    5.287500023842e-001  2.289702342930e-014
 142    5.325000286102e-001  2.324481685151e-014
 143    5.362499952316e-001  2.358485145192e-014
 144    5.400000214577e-001  2.391855363402e-014
 145    5.437499880791e-001  2.424850515422e-014
 146    5.475000143051e-001  2.457704043534e-014
 147    5.512499809265e-001  2.490337512487e-014
 148    5.550000071526e-001  2.522717549181e-014
 149    5.587499737740e-001  2.554880237221e-014
 150    5.625000000000e-001  2.586687679643e-014
 151    5.662500262260e-001  2.618111754954e-014
 152    5.699999928474e-001  2.649137555372e-014
 153    5.737500190735e-001  2.679932793422e-014
 154    5.774999856949e-001  2.710603517629e-014
 155    5.812500119209e-001  2.741581884202e-014
 156    5.849999785423e-001  2.773149108081e-014
 157    5.887500047684e-001  2.805701600683e-014
 158    5.924999713898e-001  2.839247662933e-014
 159    5.962499976158e-001  2.873895715047e-014
 160    6.000000238419e-001  2.909700814167e-014
 161    6.037499904633e-001  2.946467803902e-014
 162    6.075000166893e-001  2.984004915992e-014
 163    6.112499833107e-001  3.022322653647e-014
 164    6.150000095367e-001  3.061309886143e-014
 165    6.187499761581e-001  3.100831427023e-014
 166    6.225000023842e-001  3.140720919014e-014
 167    6.262500286102e-001  3.181170808004e-014
 168    6.299999952316e-001  3.222343724317e-014
 169    6.337500214577e-001  3.264348765798e-014
 170    6.374999880791e-001  3.307440381143e-014
 171    6.412500143051e-001  3.352128484188e-014
 172    6.449999809265e-001  3.398348022801e-014
 173    6.487500071526e-001  3.446282294912e-014
 174    6.524999737740e-001  3.495811699470e-014
 175    6.562500000000e-001  3.546765474632e-014
 176    6.600000262260e-001  3.598849530558e-014
 177    6.637499928474e-001  3.651780958245e-014
 178    6.675000190735e-001  3.705371038752e-014
 179    6.712499856949e-001  3.759259952483e-014
 180    6.750000119209e-001  3.812972683361e-014
 181    6.787499785423e-001  3.865980682826e-014
 182    6.825000047684e-001  3.917982745964e-014
 183    6.862499713898e-001  3.968751190317e-014
 184    6.899999976158e-001  4.018154895185e-014
 185    6.937500238419e-001  4.066035296001e-014
 186    6.974999904633e-001  4.112824379568e-014
 187    7.012500166893e-001  4.158914152733e-014
 188    7.049999833107e-001  4.204814868145e-014
 189    7.087500095367e-001  4.251264799720e-014
 190    7.124999761581e-001  4.298980198518e-014
 191    7.162500023842e-001  4.348640384962e-014
 192    7.200000286102e-001  4.400618053551e-014
 193    7.237499952316e-001  4.455113442872e-014
 194    7.275000214577e-001  4.511845676800e-014
 195    7.312499880791e-001  4.570364472620e-014
 196    7.350000143051e-001  4.629922069647e-014
 197    7.387499809265e-001  4.690125783406e-014
 198    7.425000071526e-001  4.750506696458e-014
 199    7.462499737740e-001  4.810677545338e-014
 200    7.500000000000e-001  4.870561080643e-014
 201    7.537500262260e-001  4.930331452347e-014
 202    7.574999928474e-001  4.990219053410e-014
 203    7.612500190735e-001  5.050452921542e-014
 204    7.649999856949e-001  5.111556861917e-014
 205    7.687500119209e-001  5.173842243847e-014
 206    7.724999785423e-001  5.237453062933e-014
 207    7.762500047684e-001  5.302505532096e-014
 208    7.799999713898e-001  5.368598157717e-014
 209    7.837499976158e-001  5.435571019978e-014
 210    7.875000238419e-001  5.503041259985e-014
 211    7.912499904633e-001  5.570705978756e-014
 212    7.950000166893e-001  5.638424568823e-014
 213    7.987499833107e-001  5.706303078711e-014
 214    8.025000095367e-001  5.774845662429e-014
 215    8.062499761581e-001  5.844440599881e-014
 216    8.100000023842e-001  5.915540545473e-014
 217    8.137500286102e-001  5.988585956339e-014
 218    8.174999952316e-001  6.064001026578e-014
 219    8.212500214577e-001  6.141762039268e-014
 220    8.249999880791e-001  6.221307242158e-014
 221    8.287500143051e-001  6.301577505250e-014
 222    8.324999809265e-001  6.381523185318e-014
 223    8.362500071526e-001  6.459854081774e-014
 224    8.399999737740e-001  6.535706221014e-014
 225    8.437500000000e-001  6.608861407350e-014
 226    8.475000262260e-001  6.679363686495e-014
 227    8.512499928474e-001  6.748020789068e-014
 228    8.550000190735e-001  6.816391255691e-014
 229    8.587499856949e-001  6.885956377583e-014
 230    8.625000119209e-001  6.958418352155e-014
 231    8.662499785423e-001  7.035072123376e-014
 232    8.700000047684e-001  7.116888052191e-014
 233    8.737499713898e-001  7.204193432130e-014
 234    8.774999976158e-001  7.296641996125e-014
 235    8.812500238419e-001  7.393140732861e-014
 236    8.849999904633e-001  7.492340488259e-014
 237    8.887500166893e-001  7.593129955092e-014
 238    8.924999833107e-001  7.694357168552e-014
 239    8.962500095367e-001  7.795077517497e-014
 240    8.999999761581e-001  7.894579494251e-014
 241    9.037500023842e-001  7.992520219876e-014
 242    9.075000286102e-001  8.089176843553e-014
 243    9.112499952316e-001  8.185207340475e-014
 244    9.150000214577e-001  8.281647801344e-014
 245    9.187499880791e-001  8.379234806011e-014
 246    9.225000143051e-001  8.478443370551e-014
 247    9.262499809265e-001  8.579600110871e-014
 248    9.300000071526e-001  8.682887986085e-014
 249    9.337499737740e-001  8.788191122088e-014
 250    9.375000000000e-001  8.894669262195e-014
 251    9.412500262260e-001  9.001717286069e-014
 252    9.449999928474e-001  9.108716520845e-014
 253    9.487500190735e-001  9.215484685033e-014
 254    9.524999856949e-001  9.322487307941e-014
 255    9.562500119209e-001  9.430490784980e-014
 256    9.599999785423e-001  9.540110400882e-014
 257    9.637500047684e-001  9.651943822095e-014
 258    9.674999713898e-001  9.765938193762e-014
 259    9.712499976158e-001  9.881712012246e-014
 260    9.750000238419e-001  9.998783485204e-014
 261    9.787499904633e-001  1.011698117317e-013
 262    9.825000166893e-001  1.023571418596e-013
 263    9.862499833107e-001  1.035427440402e-013
 264    9.900000095367e-001  1.047213463406e-013
 265    9.937499761581e-001  1.058937551361e-013
 266    9.975000023842e-001  1.070654998578e-013
 267    1.001250028610e+000  1.082399008747e-013
 268    1.004999995232e+000  1.094287488857e-013
 269    1.008749961853e+000  1.106368889190e-013
 270    1.012500047684e+000  1.118689423865e-013
 271    1.016250014305e+000  1.131228154227e-013
 272    1.019999980927e+000  1.143929243864e-013
 273    1.023749947548e+000  1.156706159891e-013
 274    1.027500033379e+000  1.169490800859e-013
 275    1.031250000000e+000  1.182265141906e-013
 276    1.034999966621e+000  1.195019560737e-013
 277    1.038750052452e+000  1.207803388553e-013
 278    1.042500019073e+000  1.220715829852e-013
 279    1.046249985695e+000  1.233866795628e-013
 280    1.049999952316e+000  1.247339769450e-013
 281    1.053750038147e+000  1.261180152283e-013
 282    1.057500004768e+000  1.275374391600e-013
 283    1.061249971390e+000  1.289833853873e-013
 284    1.065000057220e+000  1.304443342622e-013
 285    1.068750023842e+000  1.319092133700e-013
 286    1.072499990463e+000  1.333584664139e-013
 287    1.076249957085e+000  1.347781342911e-013
 288    1.080000042915e+000  1.361577002404e-013
 289    1.083750009537e+000  1.374933153442e-013
 290    1.087499976158e+000  1.387904412708e-013
 291    1.091249942780e+000  1.400585647893e-013
 292    1.095000028610e+000  1.413131764383e-013
 293    1.098749995232e+000  1.425705799078e-013
 294    1.102499961853e+000  1.438492879501e-013
 295    1.106250047684e+000  1.451650350490e-013
 296    1.110000014305e+000  1.465343552878e-013
 297    1.113749980927e+000  1.479625205995e-013
 298    1.117499947548e+000  1.494524041199e-013
 299    1.121250033379e+000  1.509969314297e-013
 300    1.125000000000e+000  1.525827261848e-013
 301    1.128749966621e+000  1.541919397068e-013
 302    1.132500052452e+000  1.557977379919e-013
 303    1.136250019073e+000  1.573718098110e-013
 304    1.139999985695e+000  1.588955339917e-013
 305    1.143749952316e+000  1.603588003487e-013
 306    1.147500038147e+000  1.617603213920e-013
 307    1.151250004768e+000  1.631112779565e-013
 308    1.154999971390e+000  1.644250328340e-013
 309    1.158750057220e+000  1.657355622100e-013
 310    1.162500023842e+000  1.670697000883e-013
 311    1.166249990463e+000  1.684494828780e-013
 312    1.169999957085e+000  1.698857797060e-013
 313    1.173750042915e+000  1.713774792651e-013
 314    1.177500009537e+000  1.729133600626e-013
 315    1.181249976158e+000  1.744768202529e-013
 316    1.184999942780e+000  1.760480866989e-013
 317    1.188750028610e+000  1.776118721498e-013
 318    1.192499995232e+000  1.791556405182e-013
 319    1.196249961853e+000  1.806782533916e-013
 320    1.200000047684e+000  1.821836545556e-013
 321    1.203750014305e+000  1.836814663043e-013
 322    1.207499980927e+000  1.851809992241e-013
 323    1.211249947548e+000  1.866921195545e-013
 324    1.215000033379e+000  1.882204109368e-013
 325    1.218750000000e+000  1.897602219672e-013
 326    1.222499966621e+000  1.913111596225e-013
 327    1.226250052452e+000  1.928725869337e-013
 328    1.230000019073e+000  1.944447071888e-013
 329    1.233749985695e+000  1.960327381109e-013
 330    1.237499952316e+000  1.976403117771e-013
 331    1.241250038147e+000  1.992691629109e-013
 332    1.245000004768e+000  2.009287240713e-013
 333    1.248749971390e+000  2.026141299009e-013
 334    1.252500057220e+000  2.043218702954e-013
 335    1.256250023842e+000  2.060367393190e-013
 336    1.259999990463e+000  2.077570700112e-013
 337    1.263749957085e+000  2.094754897970e-013
 338    1.267500042915e+000  2.111827287479e-013
 339    1.271250009537e+000  2.128733251954e-013
 340    1.274999976158e+000  2.145520225242e-013
 341    1.278749942780e+000  2.162175061389e-013
 342    1.282500028610e+000  2.178714836581e-013
 343    1.286249995232e+000  2.195340399270e-013
 344    1.289999961853e+000  2.212263575455e-013
 345    1.293750047684e+000  2.229725735645e-013
 346    1.297500014305e+000  2.247842347371e-013
 347    1.301249980927e+000  2.266619780322e-013
 348    1.304999947548e+000  2.285924813154e-013
 349    1.308750033379e+000  2.305581669592e-013
 350    1.312500000000e+000  2.325183773820e-013
 351    1.316249966621e+000  2.344391228457e-013
 352    1.320000052452e+000  2.362980416806e-013
 353    1.323750019073e+000  2.380850508063e-013
 354    1.327499985695e+000  2.398122661822e-013
 355    1.331249952316e+000  2.414951105843e-013
 356    1.335000038147e+000  2.431696608397e-013
 357    1.338750004768e+000  2.448793392455e-013
 358    1.342499971390e+000  2.466608731502e-013
 359    1.346250057220e+000  2.485345371346e-013
 360    1.350000023842e+000  2.505021743423e-013
 361    1.353749990463e+000  2.525437541381e-013
 362    1.357499957085e+000  2.546392729921e-013
 363    1.361250042915e+000  2.567656102927e-013
 364    1.365000009537e+000  2.588896978739e-013
 365    1.368749976158e+000  2.609954895434e-013
 366    1.372499942780e+000  2.630766427186e-013
 367    1.376250028610e+000  2.651400149781e-013
 368    1.379999995232e+000  2.671927620563e-013
 369    1.383749961853e+000  2.692402507540e-013
 370    1.387500047684e+000  2.712880376073e-013
 371    1.391250014305e+000  2.733466122722e-013
 372    1.394999980927e+000  2.754120987259e-013
 373    1.398749947548e+000  2.774832501360e-013
 374    1.402500033379e+000  2.795462158197e-013
 375    1.406250000000e+000  2.815924034748e-013
 376    1.409999966621e+000  2.836144134214e-013
 377    1.413750052452e+000  2.855963349927e-013
 378    1.417500019073e+000  2.875497691519e-013
 379    1.421249985695e+000  2.894930389158e-013
 380    1.424999952316e+000  2.914466357053e-013
 381    1.428750038147e+000  2.934367430030e-013
 382    1.432500004768e+000  2.954862916849e-013
 383    1.436249971390e+000  2.976107045267e-013
 384    1.440000057220e+000  2.998175438387e-013
 385    1.443750023842e+000  3.021041533255e-013
 386    1.447499990463e+000  3.044581730824e-013
 387    1.451249957085e+000  3.068566722334e-013
 388    1.455000042915e+000  3.092758796459e-013
 389    1.458750009537e+000  3.117008062249e-013
 390    1.462499976158e+000  3.141149992024e-013
 391    1.466249942780e+000  3.165140133495e-013
 392    1.470000028610e+000  3.188852719209e-013
 393    1.473749995232e+000  3.212293983330e-013
 394    1.477499961853e+000  3.235500517680e-013
 395    1.481250047684e+000  3.258543066452e-013
 396    1.485000014305e+000  3.281518665740e-013
 397    1.488749980927e+000  3.304552269844e-013
 398    1.492499947548e+000  3.327872103321e-013
 399    1.496250033379e+000  3.351599325765e-013
 400    1.500000000000e+000  3.375793568294e-013
