 0    0.000000000000e+000  0.000000000000e+000
 1    3.749999916181e-003 -3.748226697553e-006
 2    7.499999832362e-003 -1.481605419940e-005
 3    1.125000044703e-002 -3.302166189314e-005
 4    1.499999966472e-002 -5.817954703161e-005
 5    1.875000074506e-002 -9.010026980832e-005
 6    2.250000089407e-002 -1.285910458682e-004
 7    2.624999918044e-002 -1.734574466536e-004
 8    2.999999932945e-002 -2.245060104906e-004
 9    3.375000134110e-002 -2.815473338705e-004
 10    3.750000149012e-002 -3.443983699253e-004
 11    4.125000163913e-002 -4.128833573486e-004
 12    4.500000178814e-002 -4.868322444963e-004
 13    4.874999821186e-002 -5.660765475477e-004
 14    5.249999836087e-002 -6.504430112545e-004
 15    5.624999850988e-002 -7.397468015552e-004
 16    5.999999865890e-002 -8.337851424585e-004
 17    6.374999880791e-002 -9.323350660270e-004
 18    6.750000268221e-002 -1.035155853606e-003
 19    7.124999910593e-002 -1.141997510567e-003
 20    7.500000298023e-002 -1.252615816775e-003
 21    7.874999940395e-002 -1.366791108157e-003
 22    8.250000327826e-002 -1.484348921222e-003
 23    8.624999970198e-002 -1.605176224257e-003
 24    9.000000357628e-002 -1.729231019272e-003
 25    9.375000000000e-002 -1.856539283763e-003
 26    9.749999642372e-002 -1.987176695839e-003
 27    1.012500002980e-001 -2.121236438397e-003
 28    1.049999967217e-001 -2.258784255246e-003
 29    1.087500005960e-001 -2.399806667818e-003
 30    1.124999970198e-001 -2.544161520200e-003
 31    1.162500008941e-001 -2.691537985811e-003
 32    1.199999973178e-001 -2.841440761695e-003
 33    1.237500011921e-001 -2.993198140757e-003
 34    1.274999976158e-001 -3.146006423049e-003
 35    1.312499940395e-001 -3.299005682347e-003
 36    1.350000053644e-001 -3.451380620245e-003
 37    1.387500017881e-001 -3.602478480898e-003
 38    1.424999982119e-001 -3.751925057732e-003
 39    1.462499946356e-001 -3.899722875794e-003
 40    1.500000059605e-001 -4.046312302817e-003
 41    1.537500023842e-001 -4.192580371164e-003
 42    1.574999988079e-001 -4.339809885714e-003
 43    1.612499952316e-001 -4.489563351963e-003
 44    1.650000065565e-001 -4.643509574234e-003
 45    1.687500029802e-001 -4.803212261759e-003
 46    1.724999994040e-001 -4.969899069984e-003
 47    1.762499958277e-001 -5.144240050577e-003
 48    1.800000071526e-001 -5.326170963235e-003
 49    1.837500035763e-001 -5.514781689271e-003
 50    1.875000000000e-001 -5.708294764627e-003
 51    1.912499964237e-001 -5.904148099944e-003
 52    1.949999928474e-001 -6.099174350966e-003
 53    1.987500041723e-001 -6.289874610957e-003
 54    2.025000005960e-001 -6.472749807872e-003
 55    2.062499970198e-001 -6.644665668719e-003
 56    2.099999934435e-001 -6.803208980709e-003
 57    2.137500047684e-001 -6.946989658754e-003
 58    2.175000011921e-001 -7.075864090584e-003
 59    2.212499976158e-001 -7.191040364560e-003
 60    2.249999940395e-001 -7.295057438314e-003
 61    2.287500053644e-001 -7.391637540422e-003
 62    2.325000017881e-001 -7.485421500169e-003
 63    2.362499982119e-001 -7.581614474766e-003
 64    2.399999946356e-001 -7.685577603988e-003
 65    2.437500059605e-001 -7.802406800911e-003
 66    2.475000023842e-001 -7.936538737267e-003
 67    2.512499988079e-001 -8.091413970105e-003
 68    2.549999952316e-001 -8.269240073860e-003
 69    2.587499916553e-001 -8.470847234130e-003
 70    2.624999880791e-001 -8.695662813261e-003
 71    2.662500143051e-001 -8.941783625633e-003
 72    2.700000107288e-001 -9.206122094765e-003
 73    2.737500071526e-001 -9.484615614638e-003
 74    2.775000035763e-001 -9.772459189408e-003
 75    2.812500000000e-001 -1.006433720700e-002
 76    2.849999964237e-001 -1.035462668631e-002
 77    2.887499928474e-001 -1.063756779302e-002
 78    2.924999892712e-001 -1.090737533290e-002
 79    2.962499856949e-001 -1.115831419360e-002
 80    3.000000119209e-001 -1.138471920043e-002
 81    3.037500083447e-001 -1.158100333530e-002
 82    3.075000047684e-001 -1.174163900316e-002
 83    3.112500011921e-001 -1.186115001794e-002
 84    3.149999976158e-001 -1.193411008921e-002
 85    3.187499940395e-001 -1.195516333450e-002
 86    3.224999904633e-001 -1.191906761378e-002
 87    3.262499868870e-001 -1.182075361256e-002
 88    3.300000131130e-001 -1.165539466543e-002
 89    3.337500095367e-001 -1.141848326195e-002
 90    3.375000059605e-001 -1.110589322401e-002
 91    3.412500023842e-001 -1.071394267259e-002
 92    3.449999988079e-001 -1.023942864500e-002
 93    3.487499952316e-001 -9.679658890236e-003
 94    3.524999916553e-001 -9.032473885454e-003
 95    3.562499880791e-001 -8.296264758101e-003
 96    3.600000143051e-001 -7.470010200050e-003
 97    3.637500107288e-001 -6.553330167080e-003
 98    3.675000071526e-001 -5.546565743280e-003
 99    3.712500035763e-001 -4.450888290139e-003
 100    3.750000000000e-001 -3.268432664627e-003
 101    3.787499964237e-001 -2.002442118828e-003
 102    3.824999928474e-001 -6.574132332662e-004
 103    3.862499892712e-001  7.607823493890e-004
 104    3.899999856949e-001  2.244817351457e-003
 105    3.937500119209e-001  3.785892103333e-003
 106    3.975000083447e-001  5.373796259519e-003
 107    4.012500047684e-001  6.997059802525e-003
 108    4.050000011921e-001  8.643201487139e-003
 109    4.087499976158e-001  1.029906088952e-002
 110    4.124999940395e-001  1.195121299475e-002
 111    4.162499904633e-001  1.358643658459e-002
 112    4.199999868870e-001  1.519221426919e-002
 113    4.237500131130e-001  1.675723543391e-002
 114    4.275000095367e-001  1.827187366784e-002
 115    4.312500059605e-001  1.972860694863e-002
 116    4.350000023842e-001  2.112235160545e-002
 117    4.387499988079e-001  2.245069595054e-002
 118    4.424999952316e-001  2.371400892735e-002
 119    4.462499916553e-001  2.491542759351e-002
 120    4.499999880791e-001  2.606070343405e-002
 121    4.537500143051e-001  2.715793089941e-002
 122    4.575000107288e-001  2.821715477854e-002
 123    4.612500071526e-001  2.924988836050e-002
 124    4.650000035763e-001  3.026854936033e-002
 125    4.687500000000e-001  3.128585252911e-002
 126    4.724999964237e-001  3.231419706717e-002
 127    4.762499928474e-001  3.336505359039e-002
 128    4.799999892712e-001  3.444840621203e-002
 129    4.837499856949e-001  3.557228244841e-002
 130    4.875000119209e-001  3.674238383770e-002
 131    4.912500083447e-001  3.796184306964e-002
 132    4.950000047684e-001  3.923113003373e-002
 133    4.987500011921e-001  4.054810395464e-002
 134    5.024999976158e-001  4.190820502117e-002
 135    5.062500238419e-001  4.330478308722e-002
 136    5.099999904633e-001  4.472953822464e-002
 137    5.137500166893e-001  4.617302104831e-002
 138    5.174999833107e-001  4.762518625706e-002
 139    5.212500095367e-001  4.907594053075e-002
 140    5.249999761581e-001  5.051564915106e-002
 141    5.287500023842e-001  5.193558190018e-002
 142    5.325000286102e-001  5.332822848111e-002
 143    5.362499952316e-001  5.468752233312e-002
 144    5.400000214577e-001  5.600891055539e-002
 145    5.437499880791e-001  5.728931846097e-002
 146    5.475000143051e-001  5.852697724476e-002
 147    5.512499809265e-001  5.972117589787e-002
 148    5.550000071526e-001  6.087196951732e-002
 149    5.587499737740e-001  6.197984250262e-002
 150    5.625000000000e-001  6.304540053010e-002
 151    5.662500262260e-001  6.406910216436e-002
 152    5.699999928474e-001  6.505110412836e-002
 153    5.737500190735e-001  6.599112849683e-002
 154    5.774999856949e-001  6.688850209117e-002
 155    5.812500119209e-001  6.774223908782e-002
 156    5.849999785423e-001  6.855125166476e-002
 157    5.887500047684e-001  6.931454330683e-002
 158    5.924999713898e-001  7.003152512014e-002
 159    5.962499976158e-001  7.070222739130e-002
 160    6.000000238419e-001  7.132750634104e-002
 161    6.037499904633e-001  7.190921448171e-002
 162    6.075000166893e-001  7.245020709932e-002
 163    6.112499833107e-001  7.295427318662e-002
 164    6.150000095367e-001  7.342599764466e-002
 165    6.187499761581e-001  7.387049291283e-002
 166    6.225000023842e-001  7.429305538535e-002
 167    6.262500286102e-001  7.469882447273e-002
 168    6.299999952316e-001  7.509241282940e-002
 169    6.337500214577e-001  7.547758031636e-002
 170    6.374999880791e-001  7.585696790367e-002
 171    6.412500143051e-001  7.623197477311e-002
 172    6.449999809265e-001  7.660266749561e-002
 173    6.487500071526e-001  7.696788743138e-002
 174    6.524999737740e-001  7.732543405145e-002
 175    6.562500000000e-001  7.767234388739e-002
 176    6.600000262260e-001  7.800523530692e-002
 177    6.637499928474e-001  7.832068573684e-002
 178    6.675000190735e-001  7.861561812460e-002
 179    6.712499856949e-001  7.888760607690e-002
 180    6.750000119209e-001  7.913515556604e-002
 181    6.787499785423e-001  7.935787647963e-002
 182    6.825000047684e-001  7.955652009696e-002
 183    6.862499713898e-001  7.973294820637e-002
 184    6.899999976158e-001  7.989001873881e-002
 185    6.937500238419e-001  8.003133155406e-002
 186    6.974999904633e-001  8.016098000109e-002
 187    7.012500166893e-001  8.028327628970e-002
 188    7.049999833107e-001  8.040243636817e-002
 189    7.087500095367e-001  8.052234746516e-002
 190    7.124999761581e-001  8.064633514732e-002
 191    7.162500023842e-001  8.077703032643e-002
 192    7.200000286102e-001  8.091627363116e-002
 193    7.237499952316e-001  8.106507901102e-002
 194    7.275000214577e-001  8.122367169708e-002
 195    7.312499880791e-001  8.139156185091e-002
 196    7.350000143051e-001  8.156760174781e-002
 197    7.387499809265e-001  8.175013739616e-002
 198    7.425000071526e-001  8.193707209080e-002
 199    7.462499737740e-001  8.212596997619e-002
 200    7.500000000000e-001  8.231416452676e-002
 201    7.537500262260e-001  8.249877922237e-002
 202    7.574999928474e-001  8.267681308091e-002
 203    7.612500190735e-001  8.284518331289e-002
 204    7.649999856949e-001  8.300076857209e-002
 205    7.687500119209e-001  8.314046554267e-002
 206    7.724999785423e-001  8.326124396175e-002
 207    7.762500047684e-001  8.336025498807e-002
 208    7.799999713898e-001  8.343490004539e-002
 209    7.837499976158e-001  8.348298098892e-002
 210    7.875000238419e-001  8.350279502571e-002
 211    7.912499904633e-001  8.349325820804e-002
 212    7.950000166893e-001  8.345403663814e-002
 213    7.987499833107e-001  8.338562574238e-002
 214    8.025000095367e-001  8.328940086067e-002
 215    8.062499761581e-001  8.316763814539e-002
 216    8.100000023842e-001  8.302347790450e-002
 217    8.137500286102e-001  8.286080650985e-002
 218    8.174999952316e-001  8.268413372338e-002
 219    8.212500214577e-001  8.249837920070e-002
 220    8.249999880791e-001  8.230861250311e-002
 221    8.287500143051e-001  8.211980164051e-002
 222    8.324999809265e-001  8.193651258945e-002
 223    8.362500071526e-001  8.176264919341e-002
 224    8.399999737740e-001  8.160121299326e-002
 225    8.437500000000e-001  8.145408805460e-002
 226    8.475000262260e-001  8.132191386074e-002
 227    8.512499928474e-001  8.120401863009e-002
 228    8.550000190735e-001  8.109840910882e-002
 229    8.587499856949e-001  8.100185923278e-002
 230    8.625000119209e-001  8.091001898050e-002
 231    8.662499785423e-001  8.081762101501e-002
 232    8.700000047684e-001  8.071863699704e-002
 233    8.737499713898e-001  8.060655198991e-002
 234    8.774999976158e-001  8.047452017665e-002
 235    8.812500238419e-001  8.031558208168e-002
 236    8.849999904633e-001  8.012282725424e-002
 237    8.887500166893e-001  7.988952055573e-002
 238    8.924999833107e-001  7.960920032114e-002
 239    8.962500095367e-001  7.927577689290e-002
 240    8.999999761581e-001  7.888361096382e-002
 241    9.037500023842e-001  7.842752091587e-002
 242    9.075000286102e-001  7.790293708444e-002
 243    9.112499952316e-001  7.730594020337e-002
 244    9.150000214577e-001  7.663335897028e-002
 245    9.187499880791e-001  7.588288933039e-002
 246    9.225000143051e-001  7.505322579294e-002
 247    9.262499809265e-001  7.414412725717e-002
 248    9.300000071526e-001  7.315652538091e-002
 249    9.337499737740e-001  7.209257766604e-002
 250    9.375000000000e-001  7.095565989614e-002
 251    9.412500262260e-001  6.975031446666e-002
 252    9.449999928474e-001  6.848215524107e-002
 253    9.487500190735e-001  6.715769201517e-002
 254    9.524999856949e-001  6.578414238989e-002
 255    9.562500119209e-001  6.436917286366e-002
 256    9.599999785423e-001  6.292067296803e-002
 257    9.637500047684e-001  6.144648507237e-002
 258    9.674999713898e-001  5.995418583974e-002
 259    9.712499976158e-001  5.845087934285e-002
 260    9.750000238419e-001  5.694306429476e-002
 261    9.787499904633e-001  5.543651750311e-002
 262    9.825000166893e-001  5.393626550213e-002
 263    9.862499833107e-001  5.244657721370e-002
 264    9.900000095367e-001  5.097100364044e-002
 265    9.937499761581e-001  4.951246904209e-002
 266    9.975000023842e-001  4.807335430756e-002
 267    1.001250028610e+000  4.665559018031e-002
 268    1.004999995232e+000  4.526077024639e-002
 269    1.008749961853e+000  4.389021731913e-002
 270    1.012500047684e+000  4.254507288337e-002
 271    1.016250014305e+000  4.122633464634e-002
 272    1.019999980927e+000  3.993489276618e-002
 273    1.023749947548e+000  3.867155225947e-002
 274    1.027500033379e+000  3.743703667074e-002
 275    1.031250000000e+000  3.623198807240e-002
 276    1.034999966621e+000  3.505697673187e-002
 277    1.038750052452e+000  3.391248513013e-002
 278    1.042500019073e+000  3.279893660918e-002
 279    1.046249985695e+000  3.171669200063e-002
 280    1.049999952316e+000  3.066607616842e-002
 281    1.053750038147e+000  2.964739128016e-002
 282    1.057500004768e+000  2.866096551530e-002
 283    1.061249971390e+000  2.770714808255e-002
 284    1.065000057220e+000  2.678635522723e-002
 285    1.068750023842e+000  2.589907173999e-002
 286    1.072499990463e+000  2.504586718045e-002
 287    1.076249957085e+000  2.422738471068e-002
 288    1.080000042915e+000  2.344432678074e-002
 289    1.083750009537e+000  2.269743287936e-002
 290    1.087499976158e+000  2.198743650690e-002
 291    1.091249942780e+000  2.131502019241e-002
 292    1.095000028610e+000  2.068076197989e-002
 293    1.098749995232e+000  2.008508500643e-002
 294    1.102499961853e+000  1.952819813043e-002
 295    1.106250047684e+000  1.901005907916e-002
 296    1.110000014305e+000  1.853033300489e-002
 297    1.113749980927e+000  1.808838197030e-002
 298    1.117499947548e+000  1.768325869925e-002
 299    1.121250033379e+000  1.731372997165e-002
 300    1.125000000000e+000  1.697832049802e-002
 301    1.128749966621e+000  1.667536892928e-002
 302    1.132500052452e+000  1.640309921466e-002
 303    1.136250019073e+000  1.615970667452e-002
 304    1.139999985695e+000  1.594344380312e-002
 305    1.143749952316e+000  1.575269577093e-002
 306    1.147500038147e+000  1.558605313301e-002
 307    1.151250004768e+000  1.544236345217e-002
 308    1.154999971390e+000  1.532075523399e-002
 309    1.158750057220e+000  1.522064573132e-002
 310    1.162500023842e+000  1.514171213843e-002
 311    1.166249990463e+000  1.508385422640e-002
 312    1.169999957085e+000  1.504711583257e-002
 313    1.173750042915e+000  1.503161127679e-002
 314    1.177500009537e+000  1.503743679263e-002
 315    1.181249976158e+000  1.506457460113e-002
 316    1.184999942780e+000  1.511281536892e-002
 317    1.188750028610e+000  1.518169282936e-002
 318    1.192499995232e+000  1.527042702772e-002
 319    1.196249961853e+000  1.537789654918e-002
 320    1.200000047684e+000  1.550264573656e-002
 321    1.203750014305e+000  1.564289800823e-002
 322    1.207499980927e+000  1.579660329036e-002
 323    1.211249947548e+000  1.596151254140e-002
 324    1.215000033379e+000  1.613525497727e-002
 325    1.218750000000e+000  1.631543923169e-002
 326    1.222499966621e+000  1.649976337329e-002
 327    1.226250052452e+000  1.668611278757e-002
 328    1.230000019073e+000  1.687267079018e-002
 329    1.233749985695e+000  1.705800923519e-002
 330    1.237499952316e+000  1.724116311409e-002
 331    1.241250038147e+000  1.742169809528e-002
 332    1.245000004768e+000  1.759973868728e-002
 333    1.248749971390e+000  1.777598475106e-002
 334    1.252500057220e+000  1.795169398189e-002
 335    1.256250023842e+000  1.812863658182e-002
 336    1.259999990463e+000  1.830903139897e-002
 337    1.263749957085e+000  1.849545020610e-002
 338    1.267500042915e+000  1.869070840068e-002
 339    1.271250009537e+000  1.889773792587e-002
 340    1.274999976158e+000  1.911944814958e-002
 341    1.278749942780e+000  1.935858394951e-002
 342    1.282500028610e+000  1.961758034304e-002
 343    1.286249995232e+000  1.989843228832e-002
 344    1.289999961853e+000  2.020256772637e-002
 345    1.293750047684e+000  2.053074744530e-002
 346    1.297500014305e+000  2.088298119605e-002
 347    1.301249980927e+000  2.125848309137e-002
 348    1.304999947548e+000  2.165565833449e-002
 349    1.308750033379e+000  2.207212611102e-002
 350    1.312500000000e+000  2.250479308888e-002
 351    1.316249966621e+000  2.294995145872e-002
 352    1.320000052452e+000  2.340343064629e-002
 353    1.323750019073e+000  2.386077945121e-002
 354    1.327499985695e+000  2.431747118942e-002
 355    1.331249952316e+000  2.476912187412e-002
 356    1.335000038147e+000  2.521173319779e-002
 357    1.338750004768e+000  2.564189272001e-002
 358    1.342499971390e+000  2.605698350817e-002
 359    1.346250057220e+000  2.645533578470e-002
 360    1.350000023842e+000  2.683633724228e-002
 361    1.353749990463e+000  2.720049506053e-002
 362    1.357499957085e+000  2.754941749386e-002
 363    1.361250042915e+000  2.788575613871e-002
 364    1.365000009537e+000  2.821306593716e-002
 365    1.368749976158e+000  2.853564286605e-002
 366    1.372499942780e+000  2.885830197483e-002
 367    1.376250028610e+000  2.918613920920e-002
 368    1.379999995232e+000  2.952429665253e-002
 369    1.383749961853e+000  2.987772140652e-002
 370    1.387500047684e+000  3.025096831843e-002
 371    1.391250014305e+000  3.064801376313e-002
 372    1.394999980927e+000  3.107215009630e-002
 373    1.398749947548e+000  3.152589464560e-002
 374    1.402500033379e+000  3.201098868623e-002
 375    1.406250000000e+000  3.252840368077e-002
 376    1.409999966621e+000  3.307842969894e-002
 377    1.413750052452e+000  3.366076011211e-002
 378    1.417500019073e+000  3.427462145686e-002
 379    1.421249985695e+000  3.491889735684e-002
 380    1.424999952316e+000  3.559226127341e-002
 381    1.428750038147e+000  3.629326786846e-002
 382    1.432500004768e+000  3.702046407387e-002
 383    1.436249971390e+000  3.777243101969e-002
 384    1.440000057220e+000  3.854782782495e-002
 385    1.443750023842e+000  3.934539046139e-002
 386    1.447499990463e+000  4.016390748322e-002
 387    1.451249957085e+000  4.100218171254e-002
 388    1.455000042915e+000  4.185898939148e-002
 389    1.458750009537e+000  4.273301549256e-002
 390    1.462499976158e+000  4.362281840295e-002
 391    1.466249942780e+000  4.452678769827e-002
 392    1.470000028610e+000  4.544313045219e-002
 393    1.473749995232e+000  4.636987309903e-002
 394    1.477499961853e+000  4.730489874259e-002
 395    1.481250047684e+000  4.824597598985e-002
 396    1.485000014305e+000  4.919083451852e-002
 397    1.488749980927e+000  5.013721764088e-002
 398    1.492499947548e+000  5.108297763392e-002
 399    1.496250033379e+000  5.202613400295e-002
 400    1.500000000000e+000  5.296492148191e-002