 0    0.000000000000e+000  0.000000000000e+000
 1    3.749999916181e-003  7.244220616940e-006
 2    7.499999832362e-003  2.839892076736e-005
 3    1.125000044703e-002  6.266880820476e-005
 4    1.499999966472e-002  1.092964598138e-004
 5    1.875000074506e-002  1.675613024418e-004
 6    2.250000089407e-002  2.367775030871e-004
 7    2.624999918044e-002  3.162903910561e-004
 8    2.999999932945e-002  4.054717815598e-004
 9    3.375000134110e-002  5.037150220596e-004
 10    3.750000149012e-002  6.104310226510e-004
 11    4.125000163913e-002  7.250466133701e-004
 12    4.500000178814e-002  8.470062242122e-004
 13    4.874999821186e-002  9.757771645673e-004
 14    5.249999836087e-002  1.110858034226e-003
 15    5.624999850988e-002  1.251788183581e-003
 16    5.999999865890e-002  1.398156097275e-003
 17    6.374999880791e-002  1.549602861051e-003
 18    6.750000268221e-002  1.705820222269e-003
 19    7.124999910593e-002  1.866539049661e-003
 20    7.500000298023e-002  2.031510666711e-003
 21    7.874999940395e-002  2.200481489999e-003
 22    8.250000327826e-002  2.373167418409e-003
 23    8.624999970198e-002  2.549229476135e-003
 24    9.000000357628e-002  2.728261138545e-003
 25    9.375000000000e-002  2.909790213453e-003
 26    9.749999642372e-002  3.093297836604e-003
 27    1.012500002980e-001  3.278258241480e-003
 28    1.049999967217e-001  3.464192383690e-003
 29    1.087500005960e-001  3.650729137007e-003
 30    1.124999970198e-001  3.837665899191e-003
 31    1.162500008941e-001  4.025013626087e-003
 32    1.199999973178e-001  4.213014817797e-003
 33    1.237500011921e-001  4.402127633803e-003
 34    1.274999976158e-001  4.592965312768e-003
 35    1.312499940395e-001  4.786198651418e-003
 36    1.350000053644e-001  4.982424923219e-003
 37    1.387500017881e-001  5.182017916813e-003
 38    1.424999982119e-001  5.384984025732e-003
 39    1.462499946356e-001  5.590842568781e-003
 40    1.500000059605e-001  5.798554709181e-003
 41    1.537500023842e-001  6.006524495315e-003
 42    1.574999988079e-001  6.212675867137e-003
 43    1.612499952316e-001  6.414616077673e-003
 44    1.650000065565e-001  6.609868952073e-003
 45    1.687500029802e-001  6.796160903759e-003
 46    1.724999994040e-001  6.971727602649e-003
 47    1.762499958277e-001  7.135603094939e-003
 48    1.800000071526e-001  7.287855090108e-003
 49    1.837500035763e-001  7.429725471884e-003
 50    1.875000000000e-001  7.563653790858e-003
 51    1.912499964237e-001  7.693167091347e-003
 52    1.949999928474e-001  7.822633897886e-003
 53    1.987500041723e-001  7.956904936582e-003
 54    2.025000005960e-001  8.100868538022e-003
 55    2.062499970198e-001  8.258966212161e-003
 56    2.099999934435e-001  8.434717091732e-003
 57    2.137500047684e-001  8.630313389003e-003
 58    2.175000011921e-001  8.846317632124e-003
 59    2.212499976158e-001  9.081507585943e-003
 60    2.249999940395e-001  9.332886710763e-003
 61    2.287500053644e-001  9.595856554806e-003
 62    2.325000017881e-001  9.864542311989e-003
 63    2.362499982119e-001  1.013223059475e-002
 64    2.399999946356e-001  1.039187595248e-002
 65    2.437500059605e-001  1.063663037959e-002
 66    2.475000023842e-001  1.086034024134e-002
 67    2.512499988079e-001  1.105795938056e-002
 68    2.549999952316e-001  1.122586498037e-002
 69    2.587499916553e-001  1.136202690192e-002
 70    2.624999880791e-001  1.146606189199e-002
 71    2.662500143051e-001  1.153915151954e-002
 72    2.700000107288e-001  1.158387194853e-002
 73    2.737500071526e-001  1.160396164749e-002
 74    2.775000035763e-001  1.160405930132e-002
 75    2.812500000000e-001  1.158944499213e-002
 76    2.849999964237e-001  1.156582825352e-002
 77    2.887499928474e-001  1.153918022290e-002
 78    2.924999892712e-001  1.151563378051e-002
 79    2.962499856949e-001  1.150144582149e-002
 80    3.000000119209e-001  1.150300008245e-002
 81    3.037500083447e-001  1.152684960980e-002
 82    3.075000047684e-001  1.157976150978e-002
 83    3.112500011921e-001  1.166875567753e-002
 84    3.149999976158e-001  1.180111414287e-002
 85    3.187499940395e-001  1.198436245788e-002
 86    3.224999904633e-001  1.222620228771e-002
 87    3.262499868870e-001  1.253442068119e-002
 88    3.300000131130e-001  1.291676742490e-002
 89    3.337500095367e-001  1.338082286064e-002
 90    3.375000059605e-001  1.393386516720e-002
 91    3.412500023842e-001  1.458274373785e-002
 92    3.449999988079e-001  1.533377207816e-002
 93    3.487499952316e-001  1.619262509048e-002
 94    3.524999916553e-001  1.716426443309e-002
 95    3.562499880791e-001  1.825284427032e-002
 96    3.600000143051e-001  1.946162750013e-002
 97    3.637500107288e-001  2.079288182780e-002
 98    3.675000071526e-001  2.224774719216e-002
 99    3.712500035763e-001  2.382608802058e-002
 100    3.750000000000e-001  2.552632401697e-002
 101    3.787499964237e-001  2.734525974840e-002
 102    3.824999928474e-001  2.927792042494e-002
 103    3.862499892712e-001  3.131742276251e-002
 104    3.899999856949e-001  3.345490591601e-002
 105    3.937500119209e-001  3.567952789366e-002
 106    3.975000083447e-001  3.797856090590e-002
 107    4.012500047684e-001  4.033758714795e-002
 108    4.050000011921e-001  4.274079298601e-002
 109    4.087499976158e-001  4.517135942355e-002
 110    4.124999940395e-001  4.761194190010e-002
 111    4.162499904633e-001  5.004519579932e-002
 112    4.199999868870e-001  5.245432225987e-002
 113    4.237500131130e-001  5.482365513220e-002
 114    4.275000095367e-001  5.713916990906e-002
 115    4.312500059605e-001  5.938894927502e-002
 116    4.350000023842e-001  6.156358961016e-002
 117    4.387499988079e-001  6.365646230057e-002
 118    4.424999952316e-001  6.566389027983e-002
 119    4.462499916553e-001  6.758519157767e-002
 120    4.499999880791e-001  6.942258764058e-002
 121    4.537500143051e-001  7.118100706488e-002
 122    4.575000107288e-001  7.286777772009e-002
 123    4.612500071526e-001  7.449219781905e-002
 124    4.650000035763e-001  7.606509089470e-002
 125    4.687500000000e-001  7.759822681546e-002
 126    4.724999964237e-001  7.910379182547e-002
 127    4.762499928474e-001  8.059381112456e-002
 128    4.799999892712e-001  8.207964282483e-002
 129    4.837499856949e-001  8.357146073133e-002
 130    4.875000119209e-001  8.507791686803e-002
 131    4.912500083447e-001  8.660583451390e-002
 132    4.950000047684e-001  8.816005215049e-002
 133    4.987500011921e-001  8.974339295179e-002
 134    5.024999976158e-001  9.135677460581e-002
 135    5.062500238419e-001  9.299939721823e-002
 136    5.099999904633e-001  9.466910831630e-002
 137    5.137500166893e-001  9.636276219040e-002
 138    5.174999833107e-001  9.807663787156e-002
 139    5.212500095367e-001  9.980692498386e-002
 140    5.249999761581e-001  1.015500633791e-001
 141    5.287500023842e-001  1.033031077683e-001
 142    5.325000286102e-001  1.050639680028e-001
 143    5.362499952316e-001  1.068315093964e-001
 144    5.400000214577e-001  1.086055900902e-001
 145    5.437499880791e-001  1.103869081289e-001
 146    5.475000143051e-001  1.121768193319e-001
 147    5.512499809265e-001  1.139770454913e-001
 148    5.550000071526e-001  1.157893031463e-001
 149    5.587499737740e-001  1.176150096208e-001
 150    5.625000000000e-001  1.194549331814e-001
 151    5.662500262260e-001  1.213089723513e-001
 152    5.699999928474e-001  1.231759838760e-001
 153    5.737500190735e-001  1.250537208468e-001
 154    5.774999856949e-001  1.269389043003e-001
 155    5.812500119209e-001  1.288273696601e-001
 156    5.849999785423e-001  1.307143526524e-001
 157    5.887500047684e-001  1.325947170705e-001
 158    5.924999713898e-001  1.344634014368e-001
 159    5.962499976158e-001  1.363156328350e-001
 160    6.000000238419e-001  1.381472603977e-001
 161    6.037499904633e-001  1.399549391121e-001
 162    6.075000166893e-001  1.417362196743e-001
 163    6.112499833107e-001  1.434895569086e-001
 164    6.150000095367e-001  1.452141816914e-001
 165    6.187499761581e-001  1.469098902494e-001
 166    6.225000023842e-001  1.485768250376e-001
 167    6.262500286102e-001  1.502150364965e-001
 168    6.299999952316e-001  1.518243537843e-001
 169    6.337500214577e-001  1.534039559215e-001
 170    6.374999880791e-001  1.549522886425e-001
 171    6.412500143051e-001  1.564669101685e-001
 172    6.449999809265e-001  1.579445084929e-001
 173    6.487500071526e-001  1.593810539693e-001
 174    6.524999737740e-001  1.607719737291e-001
 175    6.562500000000e-001  1.621124902368e-001
 176    6.600000262260e-001  1.633979804814e-001
 177    6.637499928474e-001  1.646242657304e-001
 178    6.675000190735e-001  1.657880473882e-001
 179    6.712499856949e-001  1.668870718032e-001
 180    6.750000119209e-001  1.679204154760e-001
 181    6.787499785423e-001  1.688884617388e-001
 182    6.825000047684e-001  1.697929231077e-001
 183    6.862499713898e-001  1.706367367506e-001
 184    6.899999976158e-001  1.714237415791e-001
 185    6.937500238419e-001  1.721584658325e-001
 186    6.974999904633e-001  1.728457722068e-001
 187    7.012500166893e-001  1.734904796630e-001
 188    7.049999833107e-001  1.740971101820e-001
 189    7.087500095367e-001  1.746696066856e-001
 190    7.124999761581e-001  1.752110905945e-001
 191    7.162500023842e-001  1.757237806171e-001
 192    7.200000286102e-001  1.762089199573e-001
 193    7.237499952316e-001  1.766668034345e-001
 194    7.275000214577e-001  1.770968464762e-001
 195    7.312499880791e-001  1.774976763874e-001
 196    7.350000143051e-001  1.778673135489e-001
 197    7.387499809265e-001  1.782033330947e-001
 198    7.425000071526e-001  1.785029415786e-001
 199    7.462499737740e-001  1.787632045150e-001
 200    7.500000000000e-001  1.789811009169e-001
 201    7.537500262260e-001  1.791536621749e-001
 202    7.574999928474e-001  1.792780946195e-001
 203    7.612500190735e-001  1.793517862260e-001
 204    7.649999856949e-001  1.793724099547e-001
 205    7.687500119209e-001  1.793380157650e-001
 206    7.724999785423e-001  1.792471116036e-001
 207    7.762500047684e-001  1.790986540169e-001
 208    7.799999713898e-001  1.788922315091e-001
 209    7.837499976158e-001  1.786280734092e-001
 210    7.875000238419e-001  1.783071628213e-001
 211    7.912499904633e-001  1.779312762618e-001
 212    7.950000166893e-001  1.775030273944e-001
 213    7.987499833107e-001  1.770258670300e-001
 214    8.025000095367e-001  1.765040896088e-001
 215    8.062499761581e-001  1.759427594393e-001
 216    8.100000023842e-001  1.753475463390e-001
 217    8.137500286102e-001  1.747246626765e-001
 218    8.174999952316e-001  1.740805365890e-001
 219    8.212500214577e-001  1.734216925502e-001
 220    8.249999880791e-001  1.727543935925e-001
 221    8.287500143051e-001  1.720843818039e-001
 222    8.324999809265e-001  1.714166478813e-001
 223    8.362500071526e-001  1.707550978661e-001
 224    8.399999737740e-001  1.701024337113e-001
 225    8.437500000000e-001  1.694598861039e-001
 226    8.475000262260e-001  1.688272543252e-001
 227    8.512499928474e-001  1.682028163970e-001
 228    8.550000190735e-001  1.675834102929e-001
 229    8.587499856949e-001  1.669645632058e-001
 230    8.625000119209e-001  1.663407436013e-001
 231    8.662499785423e-001  1.657055373490e-001
 232    8.700000047684e-001  1.650519884378e-001
 233    8.737499713898e-001  1.643727568537e-001
 234    8.774999976158e-001  1.636605318636e-001
 235    8.812500238419e-001  1.629081353545e-001
 236    8.849999904633e-001  1.621087748557e-001
 237    8.887500166893e-001  1.612562023848e-001
 238    8.924999833107e-001  1.603447932750e-001
 239    8.962500095367e-001  1.593696101010e-001
 240    8.999999761581e-001  1.583265209198e-001
 241    9.037500023842e-001  1.572121307999e-001
 242    9.075000286102e-001  1.560238757730e-001
 243    9.112499952316e-001  1.547600396723e-001
 244    9.150000214577e-001  1.534197488427e-001
 245    9.187499880791e-001  1.520030437410e-001
 246    9.225000143051e-001  1.505108959973e-001
 247    9.262499809265e-001  1.489452651143e-001
 248    9.300000071526e-001  1.473090302199e-001
 249    9.337499737740e-001  1.456060777605e-001
 250    9.375000000000e-001  1.438411753625e-001
 251    9.412500262260e-001  1.420199143887e-001
 252    9.449999928474e-001  1.401485465467e-001
 253    9.487500190735e-001  1.382338781655e-001
 254    9.524999856949e-001  1.362830138206e-001
 255    9.562500119209e-001  1.343031984568e-001
 256    9.599999785423e-001  1.323016347736e-001
 257    9.637500047684e-001  1.302852268517e-001
 258    9.674999713898e-001  1.282605388016e-001
 259    9.712499976158e-001  1.262335747853e-001
 260    9.750000238419e-001  1.242098086700e-001
 261    9.787499904633e-001  1.221940996870e-001
 262    9.825000166893e-001  1.201907296479e-001
 263    9.862499833107e-001  1.182034767047e-001
 264    9.900000095367e-001  1.162356572598e-001
 265    9.937499761581e-001  1.142902076617e-001
 266    9.975000023842e-001  1.123698045686e-001
 267    1.001250028610e+000  1.104768718034e-001
 268    1.004999995232e+000  1.086136849970e-001
 269    1.008749961853e+000  1.067823432386e-001
 270    1.012500047684e+000  1.049848089740e-001
 271    1.016250014305e+000  1.032228945568e-001
 272    1.019999980927e+000  1.014981953427e-001
 273    1.023749947548e+000  9.981209702790e-002
 274    1.027500033379e+000  9.816573023796e-002
 275    1.031250000000e+000  9.655992608517e-002
 276    1.034999966621e+000  9.499524392188e-002
 277    1.038750052452e+000  9.347194634378e-002
 278    1.042500019073e+000  9.199003066868e-002
 279    1.046249985695e+000  9.054929476231e-002
 280    1.049999952316e+000  8.914932105690e-002
 281    1.053750038147e+000  8.778961710632e-002
 282    1.057500004768e+000  8.646961089224e-002
 283    1.061249971390e+000  8.518876243383e-002
 284    1.065000057220e+000  8.394655525684e-002
 285    1.068750023842e+000  8.274257868528e-002
 286    1.072499990463e+000  8.157652772963e-002
 287    1.076249957085e+000  8.044822819531e-002
 288    1.080000042915e+000  7.935759644955e-002
 289    1.083750009537e+000  7.830463089049e-002
 290    1.087499976158e+000  7.728937435895e-002
 291    1.091249942780e+000  7.631187088788e-002
 292    1.095000028610e+000  7.537208065391e-002
 293    1.098749995232e+000  7.446987986565e-002
 294    1.102499961853e+000  7.360496740788e-002
 295    1.106250047684e+000  7.277685932815e-002
 296    1.110000014305e+000  7.198483981192e-002
 297    1.113749980927e+000  7.122798833996e-002
 298    1.117499947548e+000  7.050516862422e-002
 299    1.121250033379e+000  6.981508243829e-002
 300    1.125000000000e+000  6.915631946176e-002
 301    1.128749966621e+000  6.852744005620e-002
 302    1.132500052452e+000  6.792704578489e-002
 303    1.136250019073e+000  6.735388584435e-002
 304    1.139999985695e+000  6.680692158639e-002
 305    1.143749952316e+000  6.628543883562e-002
 306    1.147500038147e+000  6.578907299787e-002
 307    1.151250004768e+000  6.531786408275e-002
 308    1.154999971390e+000  6.487226258963e-002
 309    1.158750057220e+000  6.445308528841e-002
 310    1.162500023842e+000  6.406147930771e-002
 311    1.166249990463e+000  6.369881916791e-002
 312    1.169999957085e+000  6.336661007255e-002
 313    1.173750042915e+000  6.306632921100e-002
 314    1.177500009537e+000  6.279932111502e-002
 315    1.181249976158e+000  6.256666082889e-002
 316    1.184999942780e+000  6.236901286989e-002
 317    1.188750028610e+000  6.220653019845e-002
 318    1.192499995232e+000  6.207879643887e-002
 319    1.196249961853e+000  6.198476064950e-002
 320    1.200000047684e+000  6.192272808403e-002
 321    1.203750014305e+000  6.189041413367e-002
 322    1.207499980927e+000  6.188500452787e-002
 323    1.211249947548e+000  6.190321613103e-002
 324    1.215000033379e+000  6.194148603827e-002
 325    1.218750000000e+000  6.199605688453e-002
 326    1.222499966621e+000  6.206318154931e-002
 327    1.226250052452e+000  6.213925976306e-002
 328    1.230000019073e+000  6.222102142870e-002
 329    1.233749985695e+000  6.230565432459e-002
 330    1.237499952316e+000  6.239093445241e-002
 331    1.241250038147e+000  6.247532982379e-002
 332    1.245000004768e+000  6.255806293339e-002
 333    1.248749971390e+000  6.263914294541e-002
 334    1.252500057220e+000  6.271935295314e-002
 335    1.256250023842e+000  6.280021417886e-002
 336    1.259999990463e+000  6.288390763104e-002
 337    1.263749957085e+000  6.297314316034e-002
 338    1.267500042915e+000  6.307104904205e-002
 339    1.271250009537e+000  6.318099886179e-002
 340    1.274999976158e+000  6.330646686256e-002
 341    1.278749942780e+000  6.345081590116e-002
 342    1.282500028610e+000  6.361716661602e-002
 343    1.286249995232e+000  6.380821481347e-002
 344    1.289999961853e+000  6.402609787881e-002
 345    1.293750047684e+000  6.427222933620e-002
 346    1.297500014305e+000  6.454726401716e-002
 347    1.301249980927e+000  6.485097948462e-002
 348    1.304999947548e+000  6.518227927387e-002
 349    1.308750033379e+000  6.553918257356e-002
 350    1.312500000000e+000  6.591887600720e-002
 351    1.316249966621e+000  6.631782356650e-002
 352    1.320000052452e+000  6.673189252615e-002
 353    1.323750019073e+000  6.715650182217e-002
 354    1.327499985695e+000  6.758687350899e-002
 355    1.331249952316e+000  6.801820144057e-002
 356    1.335000038147e+000  6.844588086009e-002
 357    1.338750004768e+000  6.886578712612e-002
 358    1.342499971390e+000  6.927442047745e-002
 359    1.346250057220e+000  6.966912012547e-002
 360    1.350000023842e+000  7.004819411784e-002
 361    1.353749990463e+000  7.041100319475e-002
 362    1.357499957085e+000  7.075798168778e-002
 363    1.361250042915e+000  7.109062898904e-002
 364    1.365000009537e+000  7.141140874475e-002
 365    1.368749976158e+000  7.172359928489e-002
 366    1.372499942780e+000  7.203114848584e-002
 367    1.376250028610e+000  7.233844034374e-002
 368    1.379999995232e+000  7.265010550618e-002
 369    1.383749961853e+000  7.297078736126e-002
 370    1.387500047684e+000  7.330495942384e-002
 371    1.391250014305e+000  7.365674704313e-002
 372    1.394999980927e+000  7.402981314808e-002
 373    1.398749947548e+000  7.442724183202e-002
 374    1.402500033379e+000  7.485152944922e-002
 375    1.406250000000e+000  7.530454773456e-002
 376    1.409999966621e+000  7.578758344054e-002
 377    1.413750052452e+000  7.630143132061e-002
 378    1.417500019073e+000  7.684642355889e-002
 379    1.421249985695e+000  7.742254726589e-002
 380    1.424999952316e+000  7.802950765938e-002
 381    1.428750038147e+000  7.866683103144e-002
 382    1.432500004768e+000  7.933388564736e-002
 383    1.436249971390e+000  8.002994794399e-002
 384    1.440000057220e+000  8.075420685112e-002
 385    1.443750023842e+000  8.150573533028e-002
 386    1.447499990463e+000  8.228351499885e-002
 387    1.451249957085e+000  8.308635383844e-002
 388    1.455000042915e+000  8.391289196908e-002
 389    1.458750009537e+000  8.476153966039e-002
 390    1.462499976158e+000  8.563044417650e-002
 391    1.466249942780e+000  8.651753459126e-002
 392    1.470000028610e+000  8.742044910789e-002
 393    1.473749995232e+000  8.833663910627e-002
 394    1.477499961853e+000  8.926338307559e-002
 395    1.481250047684e+000  9.019783407450e-002
 396    1.485000014305e+000  9.113716173917e-002
 397    1.488749980927e+000  9.207856357098e-002
 398    1.492499947548e+000  9.301940526813e-002
 399    1.496250033379e+000  9.395728547126e-002
 400    1.500000000000e+000  9.489008478820e-002