0    0.000000000000e+000  0.000000000000e+000
 1    3.749999916181e-003 -3.708921761927e-006
 2    7.499999832362e-003 -1.395117488300e-005
 3    1.125000044703e-002 -2.979450269777e-005
 4    1.499999966472e-002 -5.033421986809e-005
 5    1.875000074506e-002 -7.471580116544e-005
 6    2.250000089407e-002 -1.021493451117e-004
 7    2.624999918044e-002 -1.319183995656e-004
 8    2.999999932945e-002 -1.633847963240e-004
 9    3.375000134110e-002 -1.959902358067e-004
 10    3.750000149012e-002 -2.292548942933e-004
 11    4.125000163913e-002 -2.627731666144e-004
 12    4.500000178814e-002 -2.962065793690e-004
 13    4.874999821186e-002 -3.292743374186e-004
 14    5.249999836087e-002 -3.617423455580e-004
 15    5.624999850988e-002 -3.934122889768e-004
 16    5.999999865890e-002 -4.241121860105e-004
 17    6.374999880791e-002 -4.536902060499e-004
 18    6.750000268221e-002 -4.820128533174e-004
 19    7.124999910593e-002 -5.089682142716e-004
 20    7.500000298023e-002 -5.344733118545e-004
 21    7.874999940395e-002 -5.584846515558e-004
 22    8.250000327826e-002 -5.810080879019e-004
 23    8.624999970198e-002 -6.021064551896e-004
 24    9.000000357628e-002 -6.219007569598e-004
 25    9.375000000000e-002 -6.405620984151e-004
 26    9.749999642372e-002 -6.582949194126e-004
 27    1.012500002980e-001 -6.753100827336e-004
 28    1.049999967217e-001 -6.917916645762e-004
 29    1.087500005960e-001 -7.078617764637e-004
 30    1.124999970198e-001 -7.235485812998e-004
 31    1.162500008941e-001 -7.387644940172e-004
 32    1.199999973178e-001 -7.532997211092e-004
 33    1.237500011921e-001 -7.668355270289e-004
 34    1.274999976158e-001 -7.789785685600e-004
 35    1.312499940395e-001 -7.893143373076e-004
 36    1.350000053644e-001 -7.974748985725e-004
 37    1.387500017881e-001 -8.032124990132e-004
 38    1.424999982119e-001 -8.064681236283e-004
 39    1.462499946356e-001 -8.074249885976e-004
 40    1.500000059605e-001 -8.065350278048e-004
 41    1.537500023842e-001 -8.045120487805e-004
 42    1.574999988079e-001 -8.022862943471e-004
 43    1.612499952316e-001 -8.009225208662e-004
 44    1.650000065565e-001 -8.015073969727e-004
 45    1.687500029802e-001 -8.050175299286e-004
 46    1.724999994040e-001 -8.121839913656e-004
 47    1.762499958277e-001 -8.233694883529e-004
 48    1.800000071526e-001 -8.384766097879e-004
 49    1.837500035763e-001 -8.569004508900e-004
 50    1.875000000000e-001 -8.775368618080e-004
 51    1.912499964237e-001 -8.988495415542e-004
 52    1.949999928474e-001 -9.189935663017e-004
 53    1.987500041723e-001 -9.359839995159e-004
 54    2.025000005960e-001 -9.478948015021e-004
 55    2.062499970198e-001 -9.530661057215e-004
 56    2.099999934435e-001 -9.502979204990e-004
 57    2.137500047684e-001 -9.390083432663e-004
 58    2.175000011921e-001 -9.193376835901e-004
 59    2.212499976158e-001 -8.921858534450e-004
 60    2.249999940395e-001 -8.591774501838e-004
 61    2.287500053644e-001 -8.225573366508e-004
 62    2.325000017881e-001 -7.850259888801e-004
 63    2.362499982119e-001 -7.495317983557e-004
 64    2.399999946356e-001 -7.190408781753e-004
 65    2.437500059605e-001 -6.963061098941e-004
 66    2.475000023842e-001 -6.836588363512e-004
 67    2.512499988079e-001 -6.828395707998e-004
 68    2.549999952316e-001 -6.948830446345e-004
 69    2.587499916553e-001 -7.200623227982e-004
 70    2.624999880791e-001 -7.578933340847e-004
 71    2.662500143051e-001 -8.071927851415e-004
 72    2.700000107288e-001 -8.661778597161e-004
 73    2.737500071526e-001 -9.325933628133e-004
 74    2.775000035763e-001 -1.003850321868e-003
 75    2.812500000000e-001 -1.077160794230e-003
 76    2.849999964237e-001 -1.149657030473e-003
 77    2.887499928474e-001 -1.218486012949e-003
 78    2.924999892712e-001 -1.280876219680e-003
 79    2.962499856949e-001 -1.334175303055e-003
 80    3.000000119209e-001 -1.375865298178e-003
 81    3.037500083447e-001 -1.403560311301e-003
 82    3.075000047684e-001 -1.414994470106e-003
 83    3.112500011921e-001 -1.408010035375e-003
 84    3.149999976158e-001 -1.380548465272e-003
 85    3.187499940395e-001 -1.330652947217e-003
 86    3.224999904633e-001 -1.256479626609e-003
 87    3.262499868870e-001 -1.156319926813e-003
 88    3.300000131130e-001 -1.028628706117e-003
 89    3.337500095367e-001 -8.720550891303e-004
 90    3.375000059605e-001 -6.854713593202e-004
 91    3.412500023842e-001 -4.679959649366e-004
 92    3.449999988079e-001 -2.190079341381e-004
 93    3.487499952316e-001  6.184776284499e-005
 94    3.524999916553e-001  3.746628543013e-004
 95    3.562499880791e-001  7.192740240134e-004
 96    3.600000143051e-001  1.095272827661e-003
 97    3.637500107288e-001  1.502013968420e-003
 98    3.675000071526e-001  1.938619097928e-003
 99    3.712500035763e-001  2.403972403845e-003
 100    3.750000000000e-001  2.896710063796e-003
 101    3.787499964237e-001  3.415204714984e-003
 102    3.824999928474e-001  3.957545615267e-003
 103    3.862499892712e-001  4.521523392759e-003
 104    3.899999856949e-001  5.104621686041e-003
 105    3.937500119209e-001  5.704020715784e-003
 106    3.975000083447e-001  6.316618600395e-003
 107    4.012500047684e-001  6.939070436638e-003
 108    4.050000011921e-001  7.567850109190e-003
 109    4.087499976158e-001  8.199326847680e-003
 110    4.124999940395e-001  8.829857385717e-003
 111    4.162499904633e-001  9.455893626437e-003
 112    4.199999868870e-001  1.007408112288e-002
 113    4.237500131130e-001  1.068136779591e-002
 114    4.275000095367e-001  1.127509615850e-002
 115    4.312500059605e-001  1.185308006126e-002
 116    4.350000023842e-001  1.241366560571e-002
 117    4.387499988079e-001  1.295576821081e-002
 118    4.424999952316e-001  1.347888566554e-002
 119    4.462499916553e-001  1.398308778182e-002
 120    4.499999880791e-001  1.446898822207e-002
 121    4.537500143051e-001  1.493769300170e-002
 122    4.575000107288e-001  1.539072904736e-002
 123    4.612500071526e-001  1.582996922545e-002
 124    4.650000035763e-001  1.625754211098e-002
 125    4.687500000000e-001  1.667572385632e-002
 126    4.724999964237e-001  1.708685444668e-002
 127    4.762499928474e-001  1.749322614633e-002
 128    4.799999892712e-001  1.789700161666e-002
 129    4.837499856949e-001  1.830011915416e-002
 130    4.875000119209e-001  1.870422144420e-002
 131    4.912500083447e-001  1.911060510203e-002
 132    4.950000047684e-001  1.952018183656e-002
 133    4.987500011921e-001  1.993346361443e-002
 134    5.024999976158e-001  2.035056143068e-002
 135    5.062500238419e-001  2.077122537419e-002
 136    5.099999904633e-001  2.119488463737e-002
 137    5.137500166893e-001  2.162071187980e-002
 138    5.174999833107e-001  2.204769798554e-002
 139    5.212500095367e-001  2.247473498806e-002
 140    5.249999761581e-001  2.290069379844e-002
 141    5.287500023842e-001  2.332448601723e-002
 142    5.325000286102e-001  2.374513355084e-002
 143    5.362499952316e-001  2.416179155931e-002
 144    5.400000214577e-001  2.457378092222e-002
 145    5.437499880791e-001  2.498057087883e-002
 146    5.475000143051e-001  2.538176431321e-002
 147    5.512499809265e-001  2.577705087140e-002
 148    5.550000071526e-001  2.616616512649e-002
 149    5.587499737740e-001  2.654881975614e-002
 150    5.625000000000e-001  2.692467013374e-002
 151    5.662500262260e-001  2.729326204397e-002
 152    5.699999928474e-001  2.765401522629e-002
 153    5.737500190735e-001  2.800621106289e-002
 154    5.774999856949e-001  2.834901150316e-002
 155    5.812500119209e-001  2.868149925023e-002
 156    5.849999785423e-001  2.900272785686e-002
 157    5.887500047684e-001  2.931178969331e-002
 158    5.924999713898e-001  2.960788556375e-002
 159    5.962499976158e-001  2.989039750770e-002
 160    6.000000238419e-001  3.015894399956e-002
 161    6.037499904633e-001  3.041342631914e-002
 162    6.075000166893e-001  3.065404419787e-002
 163    6.112499833107e-001  3.088129665703e-002
 164    6.150000095367e-001  3.109594434500e-002
 165    6.187499761581e-001  3.129896334372e-002
 166    6.225000023842e-001  3.149146182463e-002
 167    6.262500286102e-001  3.167460910976e-002
 168    6.299999952316e-001  3.184953283519e-002
 169    6.337500214577e-001  3.201724972576e-002
 170    6.374999880791e-001  3.217856759205e-002
 171    6.412500143051e-001  3.233406761661e-002
 172    6.449999809265e-001  3.248404085636e-002
 173    6.487500071526e-001  3.262850392610e-002
 174    6.524999737740e-001  3.276721106842e-002
 175    6.562500000000e-001  3.289970731363e-002
 176    6.600000262260e-001  3.302537094802e-002
 177    6.637499928474e-001  3.314350757748e-002
 178    6.675000190735e-001  3.325340490788e-002
 179    6.712499856949e-001  3.335441822186e-002
 180    6.750000119209e-001  3.344602810219e-002
 181    6.787499785423e-001  3.352788824588e-002
 182    6.825000047684e-001  3.359984871000e-002
 183    6.862499713898e-001  3.366198636591e-002
 184    6.899999976158e-001  3.371457096189e-002
 185    6.937500238419e-001  3.375807713717e-002
 186    6.974999904633e-001  3.379312243313e-002
 187    7.012500166893e-001  3.382045101374e-002
 188    7.049999833107e-001  3.384087726474e-002
 189    7.087500095367e-001  3.385524842888e-002
 190    7.124999761581e-001  3.386440664530e-002
 191    7.162500023842e-001  3.386916011572e-002
 192    7.200000286102e-001  3.387024946511e-002
 193    7.237499952316e-001  3.386832743883e-002
 194    7.275000214577e-001  3.386394526809e-002
 195    7.312499880791e-001  3.385755032301e-002
 196    7.350000143051e-001  3.384946256876e-002
 197    7.387499809265e-001  3.383988393471e-002
 198    7.425000071526e-001  3.382888792083e-002
 199    7.462499737740e-001  3.381643479690e-002
 200    7.500000000000e-001  3.380235454068e-002
 201    7.537500262260e-001  3.378637164831e-002
 202    7.574999928474e-001  3.376811077818e-002
 203    7.612500190735e-001  3.374710900709e-002
 204    7.649999856949e-001  3.372284442186e-002
 205    7.687500119209e-001  3.369475293905e-002
 206    7.724999785423e-001  3.366226596758e-002
 207    7.762500047684e-001  3.362483281642e-002
 208    7.799999713898e-001  3.358196021989e-002
 209    7.837499976158e-001  3.353324333206e-002
 210    7.875000238419e-001  3.347838435322e-002
 211    7.912499904633e-001  3.341723583639e-002
 212    7.950000166893e-001  3.334981000051e-002
 213    7.987499833107e-001  3.327628701925e-002
 214    8.025000095367e-001  3.319703262299e-002
 215    8.062499761581e-001  3.311258181930e-002
 216    8.100000023842e-001  3.302362129092e-002
 217    8.137500286102e-001  3.293097684160e-002
 218    8.174999952316e-001  3.283557789400e-002
 219    8.212500214577e-001  3.273841213435e-002
 220    8.249999880791e-001  3.264049854130e-002
 221    8.287500143051e-001  3.254282148555e-002
 222    8.324999809265e-001  3.244628796354e-002
 223    8.362500071526e-001  3.235169965774e-002
 224    8.399999737740e-001  3.225969310850e-002
 225    8.437500000000e-001  3.217072049156e-002
 226    8.475000262260e-001  3.208501255140e-002
 227    8.512499928474e-001  3.200258286670e-002
 228    8.550000190735e-001  3.192320195958e-002
 229    8.587499856949e-001  3.184641387314e-002
 230    8.625000119209e-001  3.177154686302e-002
 231    8.662499785423e-001  3.169772697613e-002
 232    8.700000047684e-001  3.162390718237e-002
 233    8.737499713898e-001  3.154887801036e-002
 234    8.774999976158e-001  3.147130785510e-002
 235    8.812500238419e-001  3.138974508271e-002
 236    8.849999904633e-001  3.130267167464e-002
 237    8.887500166893e-001  3.120848311111e-002
 238    8.924999833107e-001  3.110555552877e-002
 239    8.962500095367e-001  3.099222878926e-002
 240    8.999999761581e-001  3.086685990915e-002
 241    9.037500023842e-001  3.072784045711e-002
 242    9.075000286102e-001  3.057362923399e-002
 243    9.112499952316e-001  3.040279029869e-002
 244    9.150000214577e-001  3.021402979270e-002
 245    9.187499880791e-001  3.000623357482e-002
 246    9.225000143051e-001  2.977849575691e-002
 247    9.262499809265e-001  2.953016279265e-002
 248    9.300000071526e-001  2.926083741710e-002
 249    9.337499737740e-001  2.897040071897e-002
 250    9.375000000000e-001  2.865901316516e-002
 251    9.412500262260e-001  2.832710685208e-002
 252    9.449999928474e-001  2.797536174767e-002
 253    9.487500190735e-001  2.760468430817e-002
 254    9.524999856949e-001  2.721617477015e-002
 255    9.562500119209e-001  2.681109191850e-002
 256    9.599999785423e-001  2.639081797563e-002
 257    9.637500047684e-001  2.595683006570e-002
 258    9.674999713898e-001  2.551067044958e-002
 259    9.712499976158e-001  2.505392014980e-002
 260    9.750000238419e-001  2.458818323910e-002
 261    9.787499904633e-001  2.411507686600e-002
 262    9.825000166893e-001  2.363621407188e-002
 263    9.862499833107e-001  2.315320078284e-002
 264    9.900000095367e-001  2.266762181185e-002
 265    9.937499761581e-001  2.218103998341e-002
 266    9.975000023842e-001  2.169497475028e-002
 267    1.001250028610e+000  2.121089558117e-002
 268    1.004999995232e+000  2.073020526208e-002
 269    1.008749961853e+000  2.025422908366e-002
 270    1.012500047684e+000  1.978419000283e-002
 271    1.016250014305e+000  1.932120759040e-002
 272    1.019999980927e+000  1.886628361419e-002
 273    1.023749947548e+000  1.842029546387e-002
 274    1.027500033379e+000  1.798400849104e-002
 275    1.031250000000e+000  1.755806943402e-002
 276    1.034999966621e+000  1.714303062297e-002
 277    1.038750052452e+000  1.673936145380e-002
 278    1.042500019073e+000  1.634747193195e-002
 279    1.046249985695e+000  1.596773228608e-002
 280    1.049999952316e+000  1.560049717315e-002
 281    1.053750038147e+000  1.524612276815e-002
 282    1.057500004768e+000  1.490498166066e-002
 283    1.061249971390e+000  1.457747408655e-002
 284    1.065000057220e+000  1.426402931102e-002
 285    1.068750023842e+000  1.396510037128e-002
 286    1.072499990463e+000  1.368115939200e-002
 287    1.076249957085e+000  1.341267379932e-002
 288    1.080000042915e+000  1.316009056754e-002
 289    1.083750009537e+000  1.292381156236e-002
 290    1.087499976158e+000  1.270416930318e-002
 291    1.091249942780e+000  1.250140263699e-002
 292    1.095000028610e+000  1.231563891284e-002
 293    1.098749995232e+000  1.214688054286e-002
 294    1.102499961853e+000  1.199499578215e-002
 295    1.106250047684e+000  1.185972092208e-002
 296    1.110000014305e+000  1.174066629726e-002
 297    1.113749980927e+000  1.163733516354e-002
 298    1.117499947548e+000  1.154914613348e-002
 299    1.121250033379e+000  1.147545687389e-002
 300    1.125000000000e+000  1.141559788026e-002
 301    1.128749966621e+000  1.136890085880e-002
 302    1.132500052452e+000  1.133472722955e-002
 303    1.136250019073e+000  1.131249282975e-002
 304    1.139999985695e+000  1.130168467294e-002
 305    1.143749952316e+000  1.130187222734e-002
 306    1.147500038147e+000  1.131271095946e-002
 307    1.151250004768e+000  1.133393764962e-002
 308    1.154999971390e+000  1.136535731144e-002
 309    1.158750057220e+000  1.140682789031e-002
 310    1.162500023842e+000  1.145823562052e-002
 311    1.166249990463e+000  1.151947412174e-002
 312    1.169999957085e+000  1.159042268526e-002
 313    1.173750042915e+000  1.167091862764e-002
 314    1.177500009537e+000  1.176074385177e-002
 315    1.181249976158e+000  1.185961115174e-002
 316    1.184999942780e+000  1.196715265047e-002
 317    1.188750028610e+000  1.208292265423e-002
 318    1.192499995232e+000  1.220639965031e-002
 319    1.196249961853e+000  1.233699791599e-002
 320    1.200000047684e+000  1.247408172581e-002
 321    1.203750014305e+000  1.261698759161e-002
 322    1.207499980927e+000  1.276504207402e-002
 323    1.211249947548e+000  1.291759117041e-002
 324    1.215000033379e+000  1.307401853148e-002
 325    1.218750000000e+000  1.323376897722e-002
 326    1.222499966621e+000  1.339636524208e-002
 327    1.226250052452e+000  1.356142248027e-002
 328    1.230000019073e+000  1.372865559533e-002
 329    1.233749985695e+000  1.389788467437e-002
 330    1.237499952316e+000  1.406902742106e-002
 331    1.241250038147e+000  1.424209376331e-002
 332    1.245000004768e+000  1.441717565525e-002
 333    1.248749971390e+000  1.459442509338e-002
 334    1.252500057220e+000  1.477403852623e-002
 335    1.256250023842e+000  1.495623568073e-002
 336    1.259999990463e+000  1.514123589266e-002
 337    1.263749957085e+000  1.532924314961e-002
 338    1.267500042915e+000  1.552041812800e-002
 339    1.271250009537e+000  1.571486653760e-002
 340    1.274999976158e+000  1.591262275353e-002
 341    1.278749942780e+000  1.611363855191e-002
 342    1.282500028610e+000  1.631777401082e-002
 343    1.286249995232e+000  1.652479699813e-002
 344    1.289999961853e+000  1.673437818885e-002
 345    1.293750047684e+000  1.694610737264e-002
 346    1.297500014305e+000  1.715949168429e-002
 347    1.301249980927e+000  1.737398068421e-002
 348    1.304999947548e+000  1.758898209780e-002
 349    1.308750033379e+000  1.780388650484e-002
 350    1.312500000000e+000  1.801809013821e-002
 351    1.316249966621e+000  1.823101611808e-002
 352    1.320000052452e+000  1.844214926474e-002
 353    1.323750019073e+000  1.865105279721e-002
 354    1.327499985695e+000  1.885738539509e-002
 355    1.331249952316e+000  1.906091456302e-002
 356    1.335000038147e+000  1.926153624430e-002
 357    1.338750004768e+000  1.945926893502e-002
 358    1.342499971390e+000  1.965425542556e-002
 359    1.346250057220e+000  1.984676454216e-002
 360    1.350000023842e+000  2.003717577085e-002
 361    1.353749990463e+000  2.022597261705e-002
 362    1.357499957085e+000  2.041373242624e-002
 363    1.361250042915e+000  2.060111562721e-002
 364    1.365000009537e+000  2.078884474002e-002
 365    1.368749976158e+000  2.097770389169e-002
 366    1.372499942780e+000  2.116852079518e-002
 367    1.376250028610e+000  2.136215076782e-002
 368    1.379999995232e+000  2.155947447754e-002
 369    1.383749961853e+000  2.176136979833e-002
 370    1.387500047684e+000  2.196871279739e-002
 371    1.391250014305e+000  2.218234688975e-002
 372    1.394999980927e+000  2.240308061242e-002
 373    1.398749947548e+000  2.263165827841e-002
 374    1.402500033379e+000  2.286874637008e-002
 375    1.406250000000e+000  2.311492233537e-002
 376    1.409999966621e+000  2.337065365165e-002
 377    1.413750052452e+000  2.363628674299e-002
 378    1.417500019073e+000  2.391204004176e-002
 379    1.421249985695e+000  2.419799972326e-002
 380    1.424999952316e+000  2.449412090704e-002
 381    1.428750038147e+000  2.480022243224e-002
 382    1.432500004768e+000  2.511600890197e-002
 383    1.436249971390e+000  2.544107320718e-002
 384    1.440000057220e+000  2.577491466887e-002
 385    1.443750023842e+000  2.611695654690e-002
 386    1.447499990463e+000  2.646656082012e-002
 387    1.451249957085e+000  2.682305290364e-002
 388    1.455000042915e+000  2.718573273160e-002
 389    1.458750009537e+000  2.755389046855e-002
 390    1.462499976158e+000  2.792681882158e-002
 391    1.466249942780e+000  2.830381941050e-002
 392    1.470000028610e+000  2.868420985527e-002
 393    1.473749995232e+000  2.906732335687e-002
 394    1.477499961853e+000  2.945250281133e-002
 395    1.481250047684e+000  2.983909945935e-002
 396    1.485000014305e+000  3.022645790130e-002
 397    1.488749980927e+000  3.061391414143e-002
 398    1.492499947548e+000  3.100078562275e-002
 399    1.496250033379e+000  3.138635560870e-002
 400    1.500000000000e+000  3.176988471299e-002