 3
X
Y
Comp 11 of Cauchy Stress Node 2702 : Time
 401
 0    0.000000000000e+000  0.000000000000e+000
 1    3.749999916181e-003  7.244220616940e-006
 2    7.499999832362e-003  2.839892076736e-005
 3    1.125000044703e-002  6.266880820476e-005
 4    1.499999966472e-002  1.092964598138e-004
 5    1.875000074506e-002  1.675613024418e-004
 6    2.250000089407e-002  2.367775030871e-004
 7    2.624999918044e-002  3.162903910561e-004
 8    2.999999932945e-002  4.054717815598e-004
 9    3.375000134110e-002  5.037150220596e-004
 10    3.750000149012e-002  6.104310226510e-004
 11    4.125000163913e-002  7.250466133701e-004
 12    4.500000178814e-002  8.470062242122e-004
 13    4.874999821186e-002  9.757771645673e-004
 14    5.249999836087e-002  1.110858034226e-003
 15    5.624999850988e-002  1.251788183581e-003
 16    5.999999865890e-002  1.398156097275e-003
 17    6.374999880791e-002  1.549602861051e-003
 18    6.750000268221e-002  1.705820222269e-003
 19    7.124999910593e-002  1.866539049661e-003
 20    7.500000298023e-002  2.031510666711e-003
 21    7.874999940395e-002  2.200481489999e-003
 22    8.250000327826e-002  2.373167418409e-003
 23    8.624999970198e-002  2.549229476135e-003
 24    9.000000357628e-002  2.728261138545e-003
 25    9.375000000000e-002  2.909790213453e-003
 26    9.749999642372e-002  3.093297836604e-003
 27    1.012500002980e-001  3.278258241480e-003
 28    1.049999967217e-001  3.464192383690e-003
 29    1.087500005960e-001  3.650729137007e-003
 30    1.124999970198e-001  3.837665899191e-003
 31    1.162500008941e-001  4.025013626087e-003
 32    1.199999973178e-001  4.213014817797e-003
 33    1.237500011921e-001  4.402127633803e-003
 34    1.274999976158e-001  4.592965312768e-003
 35    1.312499940395e-001  4.786198651418e-003
 36    1.350000053644e-001  4.982424923219e-003
 37    1.387500017881e-001  5.182017916813e-003
 38    1.424999982119e-001  5.384984025732e-003
 39    1.462499946356e-001  5.590842568781e-003
 40    1.500000059605e-001  5.798554709181e-003
 41    1.537500023842e-001  6.006524495315e-003
 42    1.574999988079e-001  6.212675867137e-003
 43    1.612499952316e-001  6.414616077673e-003
 44    1.650000065565e-001  6.609868952073e-003
 45    1.687500029802e-001  6.796160903759e-003
 46    1.724999994040e-001  6.971727602649e-003
 47    1.762499958277e-001  7.135603094939e-003
 48    1.800000071526e-001  7.287855090108e-003
 49    1.837500035763e-001  7.429725471884e-003
 50    1.875000000000e-001  7.563653790858e-003
 51    1.912499964237e-001  7.693167091347e-003
 52    1.949999928474e-001  7.822633897886e-003
 53    1.987500041723e-001  7.956904936582e-003
 54    2.025000005960e-001  8.100868538022e-003
 55    2.062499970198e-001  8.258966212161e-003
 56    2.099999934435e-001  8.434717091732e-003
 57    2.137500047684e-001  8.630313389003e-003
 58    2.175000011921e-001  8.846317632124e-003
 59    2.212499976158e-001  9.081507585943e-003
 60    2.249999940395e-001  9.332886710763e-003
 61    2.287500053644e-001  9.595856554806e-003
 62    2.325000017881e-001  9.864542311989e-003
 63    2.362499982119e-001  1.013223059475e-002
 64    2.399999946356e-001  1.039187595248e-002
 65    2.437500059605e-001  1.063663037959e-002
 66    2.475000023842e-001  1.086034024134e-002
 67    2.512499988079e-001  1.105795938056e-002
 68    2.549999952316e-001  1.122586498037e-002
 69    2.587499916553e-001  1.136202690192e-002
 70    2.624999880791e-001  1.146606189199e-002
 71    2.662500143051e-001  1.153915151954e-002
 72    2.700000107288e-001  1.158387194853e-002
 73    2.737500071526e-001  1.160396164749e-002
 74    2.775000035763e-001  1.160405930132e-002
 75    2.812500000000e-001  1.158944499213e-002
 76    2.849999964237e-001  1.156582825352e-002
 77    2.887499928474e-001  1.153918022290e-002
 78    2.924999892712e-001  1.151563378051e-002
 79    2.962499856949e-001  1.150144582149e-002
 80    3.000000119209e-001  1.150300008245e-002
 81    3.037500083447e-001  1.152684960980e-002
 82    3.075000047684e-001  1.157976150978e-002
 83    3.112500011921e-001  1.166875567753e-002
 84    3.149999976158e-001  1.180111414287e-002
 85    3.187499940395e-001  1.198436245788e-002
 86    3.224999904633e-001  1.222620228771e-002
 87    3.262499868870e-001  1.253442068119e-002
 88    3.300000131130e-001  1.291676742490e-002
 89    3.337500095367e-001  1.338082286064e-002
 90    3.375000059605e-001  1.393386516720e-002
 91    3.412500023842e-001  1.458274373785e-002
 92    3.449999988079e-001  1.533377207816e-002
 93    3.487499952316e-001  1.619262509048e-002
 94    3.524999916553e-001  1.716426443309e-002
 95    3.562499880791e-001  1.825284427032e-002
 96    3.600000143051e-001  1.946162750013e-002
 97    3.637500107288e-001  2.079288182780e-002
 98    3.675000071526e-001  2.224774719216e-002
 99    3.712500035763e-001  2.382608802058e-002
 100    3.750000000000e-001  2.552632401697e-002
 101    3.787499964237e-001  2.734525974840e-002
 102    3.824999928474e-001  2.927792042494e-002
 103    3.862499892712e-001  3.131742276251e-002
 104    3.899999856949e-001  3.345490591601e-002
 105    3.937500119209e-001  3.567952789366e-002
 106    3.975000083447e-001  3.797856090590e-002
 107    4.012500047684e-001  4.033758714795e-002
 108    4.050000011921e-001  4.274079298601e-002
 109    4.087499976158e-001  4.517135942355e-002
 110    4.124999940395e-001  4.761194190010e-002
 111    4.162499904633e-001  5.004519579932e-002
 112    4.199999868870e-001  5.245432225987e-002
 113    4.237500131130e-001  5.482365513220e-002
 114    4.275000095367e-001  5.713916990906e-002
 115    4.312500059605e-001  5.938894927502e-002
 116    4.350000023842e-001  6.156358961016e-002
 117    4.387499988079e-001  6.365646230057e-002
 118    4.424999952316e-001  6.566389027983e-002
 119    4.462499916553e-001  6.758519157767e-002
 120    4.499999880791e-001  6.942258764058e-002
 121    4.537500143051e-001  7.118100706488e-002
 122    4.575000107288e-001  7.286777772009e-002
 123    4.612500071526e-001  7.449219781905e-002
 124    4.650000035763e-001  7.606509089470e-002
 125    4.687500000000e-001  7.759822681546e-002
 126    4.724999964237e-001  7.910379182547e-002
 127    4.762499928474e-001  8.059381112456e-002
 128    4.799999892712e-001  8.207964282483e-002
 129    4.837499856949e-001  8.357146073133e-002
 130    4.875000119209e-001  8.507791686803e-002
 131    4.912500083447e-001  8.660583451390e-002
 132    4.950000047684e-001  8.816005215049e-002
 133    4.987500011921e-001  8.974339295179e-002
 134    5.024999976158e-001  9.135677460581e-002
 135    5.062500238419e-001  9.299939721823e-002
 136    5.099999904633e-001  9.466910831630e-002
 137    5.137500166893e-001  9.636276219040e-002
 138    5.174999833107e-001  9.807663787156e-002
 139    5.212500095367e-001  9.980692498386e-002
 140    5.249999761581e-001  1.015500633791e-001
 141    5.287500023842e-001  1.033031077683e-001
 142    5.325000286102e-001  1.050639680028e-001
 143    5.362499952316e-001  1.068315093964e-001
 144    5.400000214577e-001  1.086055900902e-001
 145    5.437499880791e-001  1.103869081289e-001
 146    5.475000143051e-001  1.121768193319e-001
 147    5.512499809265e-001  1.139770454913e-001
 148    5.550000071526e-001  1.157893031463e-001
 149    5.587499737740e-001  1.176150096208e-001
 150    5.625000000000e-001  1.194549331814e-001
 151    5.662500262260e-001  1.213089723513e-001
 152    5.699999928474e-001  1.231759838760e-001
 153    5.737500190735e-001  1.250537208468e-001
 154    5.774999856949e-001  1.269389043003e-001
 155    5.812500119209e-001  1.288273696601e-001
 156    5.849999785423e-001  1.307143526524e-001
 157    5.887500047684e-001  1.325947170705e-001
 158    5.924999713898e-001  1.344634014368e-001
 159    5.962499976158e-001  1.363156328350e-001
 160    6.000000238419e-001  1.381472603977e-001
 161    6.037499904633e-001  1.399549391121e-001
 162    6.075000166893e-001  1.417362196743e-001
 163    6.112499833107e-001  1.434895569086e-001
 164    6.150000095367e-001  1.452141816914e-001
 165    6.187499761581e-001  1.469098902494e-001
 166    6.225000023842e-001  1.485768250376e-001
 167    6.262500286102e-001  1.502150364965e-001
 168    6.299999952316e-001  1.518243537843e-001
 169    6.337500214577e-001  1.534039559215e-001
 170    6.374999880791e-001  1.549522886425e-001
 171    6.412500143051e-001  1.564669101685e-001
 172    6.449999809265e-001  1.579445084929e-001
 173    6.487500071526e-001  1.593810539693e-001
 174    6.524999737740e-001  1.607719737291e-001
 175    6.562500000000e-001  1.621124902368e-001
 176    6.600000262260e-001  1.633979804814e-001
 177    6.637499928474e-001  1.646242657304e-001
 178    6.675000190735e-001  1.657880473882e-001
 179    6.712499856949e-001  1.668870718032e-001
 180    6.750000119209e-001  1.679204154760e-001
 181    6.787499785423e-001  1.688884617388e-001
 182    6.825000047684e-001  1.697929231077e-001
 183    6.862499713898e-001  1.706367367506e-001
 184    6.899999976158e-001  1.714237415791e-001
 185    6.937500238419e-001  1.721584658325e-001
 186    6.974999904633e-001  1.728457722068e-001
 187    7.012500166893e-001  1.734904796630e-001
 188    7.049999833107e-001  1.740971101820e-001
 189    7.087500095367e-001  1.746696066856e-001
 190    7.124999761581e-001  1.752110905945e-001
 191    7.162500023842e-001  1.757237806171e-001
 192    7.200000286102e-001  1.762089199573e-001
 193    7.237499952316e-001  1.766668034345e-001
 194    7.275000214577e-001  1.770968464762e-001
 195    7.312499880791e-001  1.774976763874e-001
 196    7.350000143051e-001  1.778673135489e-001
 197    7.387499809265e-001  1.782033330947e-001
 198    7.425000071526e-001  1.785029415786e-001
 199    7.462499737740e-001  1.787632045150e-001
 200    7.500000000000e-001  1.789811009169e-001
 201    7.537500262260e-001  1.791536621749e-001
 202    7.574999928474e-001  1.792780946195e-001
 203    7.612500190735e-001  1.793517862260e-001
 204    7.649999856949e-001  1.793724099547e-001
 205    7.687500119209e-001  1.793380157650e-001
 206    7.724999785423e-001  1.792471116036e-001
 207    7.762500047684e-001  1.790986540169e-001
 208    7.799999713898e-001  1.788922315091e-001
 209    7.837499976158e-001  1.786280734092e-001
 210    7.875000238419e-001  1.783071628213e-001
 211    7.912499904633e-001  1.779312762618e-001
 212    7.950000166893e-001  1.775030273944e-001
 213    7.987499833107e-001  1.770258670300e-001
 214    8.025000095367e-001  1.765040896088e-001
 215    8.062499761581e-001  1.759427594393e-001
 216    8.100000023842e-001  1.753475463390e-001
 217    8.137500286102e-001  1.747246626765e-001
 218    8.174999952316e-001  1.740805365890e-001
 219    8.212500214577e-001  1.734216925502e-001
 220    8.249999880791e-001  1.727543935925e-001
 221    8.287500143051e-001  1.720843818039e-001
 222    8.324999809265e-001  1.714166478813e-001
 223    8.362500071526e-001  1.707550978661e-001
 224    8.399999737740e-001  1.701024337113e-001
 225    8.437500000000e-001  1.694598861039e-001
 226    8.475000262260e-001  1.688272543252e-001
 227    8.512499928474e-001  1.682028163970e-001
 228    8.550000190735e-001  1.675834102929e-001
 229    8.587499856949e-001  1.669645632058e-001
 230    8.625000119209e-001  1.663407436013e-001
 231    8.662499785423e-001  1.657055373490e-001
 232    8.700000047684e-001  1.650519884378e-001
 233    8.737499713898e-001  1.643727568537e-001
 234    8.774999976158e-001  1.636605318636e-001
 235    8.812500238419e-001  1.629081353545e-001
 236    8.849999904633e-001  1.621087748557e-001
 237    8.887500166893e-001  1.612562023848e-001
 238    8.924999833107e-001  1.603447932750e-001
 239    8.962500095367e-001  1.593696101010e-001
 240    8.999999761581e-001  1.583265209198e-001
 241    9.037500023842e-001  1.572121307999e-001
 242    9.075000286102e-001  1.560238757730e-001
 243    9.112499952316e-001  1.547600396723e-001
 244    9.150000214577e-001  1.534197488427e-001
 245    9.187499880791e-001  1.520030437410e-001
 246    9.225000143051e-001  1.505108959973e-001
 247    9.262499809265e-001  1.489452651143e-001
 248    9.300000071526e-001  1.473090302199e-001
 249    9.337499737740e-001  1.456060777605e-001
 250    9.375000000000e-001  1.438411753625e-001
 251    9.412500262260e-001  1.420199143887e-001
 252    9.449999928474e-001  1.401485465467e-001
 253    9.487500190735e-001  1.382338781655e-001
 254    9.524999856949e-001  1.362830138206e-001
 255    9.562500119209e-001  1.343031984568e-001
 256    9.599999785423e-001  1.323016347736e-001
 257    9.637500047684e-001  1.302852268517e-001
 258    9.674999713898e-001  1.282605388016e-001
 259    9.712499976158e-001  1.262335747853e-001
 260    9.750000238419e-001  1.242098086700e-001
 261    9.787499904633e-001  1.221940996870e-001
 262    9.825000166893e-001  1.201907296479e-001
 263    9.862499833107e-001  1.182034767047e-001
 264    9.900000095367e-001  1.162356572598e-001
 265    9.937499761581e-001  1.142902076617e-001
 266    9.975000023842e-001  1.123698045686e-001
 267    1.001250028610e+000  1.104768718034e-001
 268    1.004999995232e+000  1.086136849970e-001
 269    1.008749961853e+000  1.067823432386e-001
 270    1.012500047684e+000  1.049848089740e-001
 271    1.016250014305e+000  1.032228945568e-001
 272    1.019999980927e+000  1.014981953427e-001
 273    1.023749947548e+000  9.981209702790e-002
 274    1.027500033379e+000  9.816573023796e-002
 275    1.031250000000e+000  9.655992608517e-002
 276    1.034999966621e+000  9.499524392188e-002
 277    1.038750052452e+000  9.347194634378e-002
 278    1.042500019073e+000  9.199003066868e-002
 279    1.046249985695e+000  9.054929476231e-002
 280    1.049999952316e+000  8.914932105690e-002
 281    1.053750038147e+000  8.778961710632e-002
 282    1.057500004768e+000  8.646961089224e-002
 283    1.061249971390e+000  8.518876243383e-002
 284    1.065000057220e+000  8.394655525684e-002
 285    1.068750023842e+000  8.274257868528e-002
 286    1.072499990463e+000  8.157652772963e-002
 287    1.076249957085e+000  8.044822819531e-002
 288    1.080000042915e+000  7.935759644955e-002
 289    1.083750009537e+000  7.830463089049e-002
 290    1.087499976158e+000  7.728937435895e-002
 291    1.091249942780e+000  7.631187088788e-002
 292    1.095000028610e+000  7.537208065391e-002
 293    1.098749995232e+000  7.446987986565e-002
 294    1.102499961853e+000  7.360496740788e-002
 295    1.106250047684e+000  7.277685932815e-002
 296    1.110000014305e+000  7.198483981192e-002
 297    1.113749980927e+000  7.122798833996e-002
 298    1.117499947548e+000  7.050516862422e-002
 299    1.121250033379e+000  6.981508243829e-002
 300    1.125000000000e+000  6.915631946176e-002
 301    1.128749966621e+000  6.852744005620e-002
 302    1.132500052452e+000  6.792704578489e-002
 303    1.136250019073e+000  6.735388584435e-002
 304    1.139999985695e+000  6.680692158639e-002
 305    1.143749952316e+000  6.628543883562e-002
 306    1.147500038147e+000  6.578907299787e-002
 307    1.151250004768e+000  6.531786408275e-002
 308    1.154999971390e+000  6.487226258963e-002
 309    1.158750057220e+000  6.445308528841e-002
 310    1.162500023842e+000  6.406147930771e-002
 311    1.166249990463e+000  6.369881916791e-002
 312    1.169999957085e+000  6.336661007255e-002
 313    1.173750042915e+000  6.306632921100e-002
 314    1.177500009537e+000  6.279932111502e-002
 315    1.181249976158e+000  6.256666082889e-002
 316    1.184999942780e+000  6.236901286989e-002
 317    1.188750028610e+000  6.220653019845e-002
 318    1.192499995232e+000  6.207879643887e-002
 319    1.196249961853e+000  6.198476064950e-002
 320    1.200000047684e+000  6.192272808403e-002
 321    1.203750014305e+000  6.189041413367e-002
 322    1.207499980927e+000  6.188500452787e-002
 323    1.211249947548e+000  6.190321613103e-002
 324    1.215000033379e+000  6.194148603827e-002
 325    1.218750000000e+000  6.199605688453e-002
 326    1.222499966621e+000  6.206318154931e-002
 327    1.226250052452e+000  6.213925976306e-002
 328    1.230000019073e+000  6.222102142870e-002
 329    1.233749985695e+000  6.230565432459e-002
 330    1.237499952316e+000  6.239093445241e-002
 331    1.241250038147e+000  6.247532982379e-002
 332    1.245000004768e+000  6.255806293339e-002
 333    1.248749971390e+000  6.263914294541e-002
 334    1.252500057220e+000  6.271935295314e-002
 335    1.256250023842e+000  6.280021417886e-002
 336    1.259999990463e+000  6.288390763104e-002
 337    1.263749957085e+000  6.297314316034e-002
 338    1.267500042915e+000  6.307104904205e-002
 339    1.271250009537e+000  6.318099886179e-002
 340    1.274999976158e+000  6.330646686256e-002
 341    1.278749942780e+000  6.345081590116e-002
 342    1.282500028610e+000  6.361716661602e-002
 343    1.286249995232e+000  6.380821481347e-002
 344    1.289999961853e+000  6.402609787881e-002
 345    1.293750047684e+000  6.427222933620e-002
 346    1.297500014305e+000  6.454726401716e-002
 347    1.301249980927e+000  6.485097948462e-002
 348    1.304999947548e+000  6.518227927387e-002
 349    1.308750033379e+000  6.553918257356e-002
 350    1.312500000000e+000  6.591887600720e-002
 351    1.316249966621e+000  6.631782356650e-002
 352    1.320000052452e+000  6.673189252615e-002
 353    1.323750019073e+000  6.715650182217e-002
 354    1.327499985695e+000  6.758687350899e-002
 355    1.331249952316e+000  6.801820144057e-002
 356    1.335000038147e+000  6.844588086009e-002
 357    1.338750004768e+000  6.886578712612e-002
 358    1.342499971390e+000  6.927442047745e-002
 359    1.346250057220e+000  6.966912012547e-002
 360    1.350000023842e+000  7.004819411784e-002
 361    1.353749990463e+000  7.041100319475e-002
 362    1.357499957085e+000  7.075798168778e-002
 363    1.361250042915e+000  7.109062898904e-002
 364    1.365000009537e+000  7.141140874475e-002
 365    1.368749976158e+000  7.172359928489e-002
 366    1.372499942780e+000  7.203114848584e-002
 367    1.376250028610e+000  7.233844034374e-002
 368    1.379999995232e+000  7.265010550618e-002
 369    1.383749961853e+000  7.297078736126e-002
 370    1.387500047684e+000  7.330495942384e-002
 371    1.391250014305e+000  7.365674704313e-002
 372    1.394999980927e+000  7.402981314808e-002
 373    1.398749947548e+000  7.442724183202e-002
 374    1.402500033379e+000  7.485152944922e-002
 375    1.406250000000e+000  7.530454773456e-002
 376    1.409999966621e+000  7.578758344054e-002
 377    1.413750052452e+000  7.630143132061e-002
 378    1.417500019073e+000  7.684642355889e-002
 379    1.421249985695e+000  7.742254726589e-002
 380    1.424999952316e+000  7.802950765938e-002
 381    1.428750038147e+000  7.866683103144e-002
 382    1.432500004768e+000  7.933388564736e-002
 383    1.436249971390e+000  8.002994794399e-002
 384    1.440000057220e+000  8.075420685112e-002
 385    1.443750023842e+000  8.150573533028e-002
 386    1.447499990463e+000  8.228351499885e-002
 387    1.451249957085e+000  8.308635383844e-002
 388    1.455000042915e+000  8.391289196908e-002
 389    1.458750009537e+000  8.476153966039e-002
 390    1.462499976158e+000  8.563044417650e-002
 391    1.466249942780e+000  8.651753459126e-002
 392    1.470000028610e+000  8.742044910789e-002
 393    1.473749995232e+000  8.833663910627e-002
 394    1.477499961853e+000  8.926338307559e-002
 395    1.481250047684e+000  9.019783407450e-002
 396    1.485000014305e+000  9.113716173917e-002
 397    1.488749980927e+000  9.207856357098e-002
 398    1.492499947548e+000  9.301940526813e-002
 399    1.496250033379e+000  9.395728547126e-002
 400    1.500000000000e+000  9.489008478820e-002
X
Y
Comp 22 of Cauchy Stress Node 2702 : Time
 401
 0    0.000000000000e+000  0.000000000000e+000
 1    3.749999916181e-003 -3.748226697553e-006
 2    7.499999832362e-003 -1.481605419940e-005
 3    1.125000044703e-002 -3.302166189314e-005
 4    1.499999966472e-002 -5.817954703161e-005
 5    1.875000074506e-002 -9.010026980832e-005
 6    2.250000089407e-002 -1.285910458682e-004
 7    2.624999918044e-002 -1.734574466536e-004
 8    2.999999932945e-002 -2.245060104906e-004
 9    3.375000134110e-002 -2.815473338705e-004
 10    3.750000149012e-002 -3.443983699253e-004
 11    4.125000163913e-002 -4.128833573486e-004
 12    4.500000178814e-002 -4.868322444963e-004
 13    4.874999821186e-002 -5.660765475477e-004
 14    5.249999836087e-002 -6.504430112545e-004
 15    5.624999850988e-002 -7.397468015552e-004
 16    5.999999865890e-002 -8.337851424585e-004
 17    6.374999880791e-002 -9.323350660270e-004
 18    6.750000268221e-002 -1.035155853606e-003
 19    7.124999910593e-002 -1.141997510567e-003
 20    7.500000298023e-002 -1.252615816775e-003
 21    7.874999940395e-002 -1.366791108157e-003
 22    8.250000327826e-002 -1.484348921222e-003
 23    8.624999970198e-002 -1.605176224257e-003
 24    9.000000357628e-002 -1.729231019272e-003
 25    9.375000000000e-002 -1.856539283763e-003
 26    9.749999642372e-002 -1.987176695839e-003
 27    1.012500002980e-001 -2.121236438397e-003
 28    1.049999967217e-001 -2.258784255246e-003
 29    1.087500005960e-001 -2.399806667818e-003
 30    1.124999970198e-001 -2.544161520200e-003
 31    1.162500008941e-001 -2.691537985811e-003
 32    1.199999973178e-001 -2.841440761695e-003
 33    1.237500011921e-001 -2.993198140757e-003
 34    1.274999976158e-001 -3.146006423049e-003
 35    1.312499940395e-001 -3.299005682347e-003
 36    1.350000053644e-001 -3.451380620245e-003
 37    1.387500017881e-001 -3.602478480898e-003
 38    1.424999982119e-001 -3.751925057732e-003
 39    1.462499946356e-001 -3.899722875794e-003
 40    1.500000059605e-001 -4.046312302817e-003
 41    1.537500023842e-001 -4.192580371164e-003
 42    1.574999988079e-001 -4.339809885714e-003
 43    1.612499952316e-001 -4.489563351963e-003
 44    1.650000065565e-001 -4.643509574234e-003
 45    1.687500029802e-001 -4.803212261759e-003
 46    1.724999994040e-001 -4.969899069984e-003
 47    1.762499958277e-001 -5.144240050577e-003
 48    1.800000071526e-001 -5.326170963235e-003
 49    1.837500035763e-001 -5.514781689271e-003
 50    1.875000000000e-001 -5.708294764627e-003
 51    1.912499964237e-001 -5.904148099944e-003
 52    1.949999928474e-001 -6.099174350966e-003
 53    1.987500041723e-001 -6.289874610957e-003
 54    2.025000005960e-001 -6.472749807872e-003
 55    2.062499970198e-001 -6.644665668719e-003
 56    2.099999934435e-001 -6.803208980709e-003
 57    2.137500047684e-001 -6.946989658754e-003
 58    2.175000011921e-001 -7.075864090584e-003
 59    2.212499976158e-001 -7.191040364560e-003
 60    2.249999940395e-001 -7.295057438314e-003
 61    2.287500053644e-001 -7.391637540422e-003
 62    2.325000017881e-001 -7.485421500169e-003
 63    2.362499982119e-001 -7.581614474766e-003
 64    2.399999946356e-001 -7.685577603988e-003
 65    2.437500059605e-001 -7.802406800911e-003
 66    2.475000023842e-001 -7.936538737267e-003
 67    2.512499988079e-001 -8.091413970105e-003
 68    2.549999952316e-001 -8.269240073860e-003
 69    2.587499916553e-001 -8.470847234130e-003
 70    2.624999880791e-001 -8.695662813261e-003
 71    2.662500143051e-001 -8.941783625633e-003
 72    2.700000107288e-001 -9.206122094765e-003
 73    2.737500071526e-001 -9.484615614638e-003
 74    2.775000035763e-001 -9.772459189408e-003
 75    2.812500000000e-001 -1.006433720700e-002
 76    2.849999964237e-001 -1.035462668631e-002
 77    2.887499928474e-001 -1.063756779302e-002
 78    2.924999892712e-001 -1.090737533290e-002
 79    2.962499856949e-001 -1.115831419360e-002
 80    3.000000119209e-001 -1.138471920043e-002
 81    3.037500083447e-001 -1.158100333530e-002
 82    3.075000047684e-001 -1.174163900316e-002
 83    3.112500011921e-001 -1.186115001794e-002
 84    3.149999976158e-001 -1.193411008921e-002
 85    3.187499940395e-001 -1.195516333450e-002
 86    3.224999904633e-001 -1.191906761378e-002
 87    3.262499868870e-001 -1.182075361256e-002
 88    3.300000131130e-001 -1.165539466543e-002
 89    3.337500095367e-001 -1.141848326195e-002
 90    3.375000059605e-001 -1.110589322401e-002
 91    3.412500023842e-001 -1.071394267259e-002
 92    3.449999988079e-001 -1.023942864500e-002
 93    3.487499952316e-001 -9.679658890236e-003
 94    3.524999916553e-001 -9.032473885454e-003
 95    3.562499880791e-001 -8.296264758101e-003
 96    3.600000143051e-001 -7.470010200050e-003
 97    3.637500107288e-001 -6.553330167080e-003
 98    3.675000071526e-001 -5.546565743280e-003
 99    3.712500035763e-001 -4.450888290139e-003
 100    3.750000000000e-001 -3.268432664627e-003
 101    3.787499964237e-001 -2.002442118828e-003
 102    3.824999928474e-001 -6.574132332662e-004
 103    3.862499892712e-001  7.607823493890e-004
 104    3.899999856949e-001  2.244817351457e-003
 105    3.937500119209e-001  3.785892103333e-003
 106    3.975000083447e-001  5.373796259519e-003
 107    4.012500047684e-001  6.997059802525e-003
 108    4.050000011921e-001  8.643201487139e-003
 109    4.087499976158e-001  1.029906088952e-002
 110    4.124999940395e-001  1.195121299475e-002
 111    4.162499904633e-001  1.358643658459e-002
 112    4.199999868870e-001  1.519221426919e-002
 113    4.237500131130e-001  1.675723543391e-002
 114    4.275000095367e-001  1.827187366784e-002
 115    4.312500059605e-001  1.972860694863e-002
 116    4.350000023842e-001  2.112235160545e-002
 117    4.387499988079e-001  2.245069595054e-002
 118    4.424999952316e-001  2.371400892735e-002
 119    4.462499916553e-001  2.491542759351e-002
 120    4.499999880791e-001  2.606070343405e-002
 121    4.537500143051e-001  2.715793089941e-002
 122    4.575000107288e-001  2.821715477854e-002
 123    4.612500071526e-001  2.924988836050e-002
 124    4.650000035763e-001  3.026854936033e-002
 125    4.687500000000e-001  3.128585252911e-002
 126    4.724999964237e-001  3.231419706717e-002
 127    4.762499928474e-001  3.336505359039e-002
 128    4.799999892712e-001  3.444840621203e-002
 129    4.837499856949e-001  3.557228244841e-002
 130    4.875000119209e-001  3.674238383770e-002
 131    4.912500083447e-001  3.796184306964e-002
 132    4.950000047684e-001  3.923113003373e-002
 133    4.987500011921e-001  4.054810395464e-002
 134    5.024999976158e-001  4.190820502117e-002
 135    5.062500238419e-001  4.330478308722e-002
 136    5.099999904633e-001  4.472953822464e-002
 137    5.137500166893e-001  4.617302104831e-002
 138    5.174999833107e-001  4.762518625706e-002
 139    5.212500095367e-001  4.907594053075e-002
 140    5.249999761581e-001  5.051564915106e-002
 141    5.287500023842e-001  5.193558190018e-002
 142    5.325000286102e-001  5.332822848111e-002
 143    5.362499952316e-001  5.468752233312e-002
 144    5.400000214577e-001  5.600891055539e-002
 145    5.437499880791e-001  5.728931846097e-002
 146    5.475000143051e-001  5.852697724476e-002
 147    5.512499809265e-001  5.972117589787e-002
 148    5.550000071526e-001  6.087196951732e-002
 149    5.587499737740e-001  6.197984250262e-002
 150    5.625000000000e-001  6.304540053010e-002
 151    5.662500262260e-001  6.406910216436e-002
 152    5.699999928474e-001  6.505110412836e-002
 153    5.737500190735e-001  6.599112849683e-002
 154    5.774999856949e-001  6.688850209117e-002
 155    5.812500119209e-001  6.774223908782e-002
 156    5.849999785423e-001  6.855125166476e-002
 157    5.887500047684e-001  6.931454330683e-002
 158    5.924999713898e-001  7.003152512014e-002
 159    5.962499976158e-001  7.070222739130e-002
 160    6.000000238419e-001  7.132750634104e-002
 161    6.037499904633e-001  7.190921448171e-002
 162    6.075000166893e-001  7.245020709932e-002
 163    6.112499833107e-001  7.295427318662e-002
 164    6.150000095367e-001  7.342599764466e-002
 165    6.187499761581e-001  7.387049291283e-002
 166    6.225000023842e-001  7.429305538535e-002
 167    6.262500286102e-001  7.469882447273e-002
 168    6.299999952316e-001  7.509241282940e-002
 169    6.337500214577e-001  7.547758031636e-002
 170    6.374999880791e-001  7.585696790367e-002
 171    6.412500143051e-001  7.623197477311e-002
 172    6.449999809265e-001  7.660266749561e-002
 173    6.487500071526e-001  7.696788743138e-002
 174    6.524999737740e-001  7.732543405145e-002
 175    6.562500000000e-001  7.767234388739e-002
 176    6.600000262260e-001  7.800523530692e-002
 177    6.637499928474e-001  7.832068573684e-002
 178    6.675000190735e-001  7.861561812460e-002
 179    6.712499856949e-001  7.888760607690e-002
 180    6.750000119209e-001  7.913515556604e-002
 181    6.787499785423e-001  7.935787647963e-002
 182    6.825000047684e-001  7.955652009696e-002
 183    6.862499713898e-001  7.973294820637e-002
 184    6.899999976158e-001  7.989001873881e-002
 185    6.937500238419e-001  8.003133155406e-002
 186    6.974999904633e-001  8.016098000109e-002
 187    7.012500166893e-001  8.028327628970e-002
 188    7.049999833107e-001  8.040243636817e-002
 189    7.087500095367e-001  8.052234746516e-002
 190    7.124999761581e-001  8.064633514732e-002
 191    7.162500023842e-001  8.077703032643e-002
 192    7.200000286102e-001  8.091627363116e-002
 193    7.237499952316e-001  8.106507901102e-002
 194    7.275000214577e-001  8.122367169708e-002
 195    7.312499880791e-001  8.139156185091e-002
 196    7.350000143051e-001  8.156760174781e-002
 197    7.387499809265e-001  8.175013739616e-002
 198    7.425000071526e-001  8.193707209080e-002
 199    7.462499737740e-001  8.212596997619e-002
 200    7.500000000000e-001  8.231416452676e-002
 201    7.537500262260e-001  8.249877922237e-002
 202    7.574999928474e-001  8.267681308091e-002
 203    7.612500190735e-001  8.284518331289e-002
 204    7.649999856949e-001  8.300076857209e-002
 205    7.687500119209e-001  8.314046554267e-002
 206    7.724999785423e-001  8.326124396175e-002
 207    7.762500047684e-001  8.336025498807e-002
 208    7.799999713898e-001  8.343490004539e-002
 209    7.837499976158e-001  8.348298098892e-002
 210    7.875000238419e-001  8.350279502571e-002
 211    7.912499904633e-001  8.349325820804e-002
 212    7.950000166893e-001  8.345403663814e-002
 213    7.987499833107e-001  8.338562574238e-002
 214    8.025000095367e-001  8.328940086067e-002
 215    8.062499761581e-001  8.316763814539e-002
 216    8.100000023842e-001  8.302347790450e-002
 217    8.137500286102e-001  8.286080650985e-002
 218    8.174999952316e-001  8.268413372338e-002
 219    8.212500214577e-001  8.249837920070e-002
 220    8.249999880791e-001  8.230861250311e-002
 221    8.287500143051e-001  8.211980164051e-002
 222    8.324999809265e-001  8.193651258945e-002
 223    8.362500071526e-001  8.176264919341e-002
 224    8.399999737740e-001  8.160121299326e-002
 225    8.437500000000e-001  8.145408805460e-002
 226    8.475000262260e-001  8.132191386074e-002
 227    8.512499928474e-001  8.120401863009e-002
 228    8.550000190735e-001  8.109840910882e-002
 229    8.587499856949e-001  8.100185923278e-002
 230    8.625000119209e-001  8.091001898050e-002
 231    8.662499785423e-001  8.081762101501e-002
 232    8.700000047684e-001  8.071863699704e-002
 233    8.737499713898e-001  8.060655198991e-002
 234    8.774999976158e-001  8.047452017665e-002
 235    8.812500238419e-001  8.031558208168e-002
 236    8.849999904633e-001  8.012282725424e-002
 237    8.887500166893e-001  7.988952055573e-002
 238    8.924999833107e-001  7.960920032114e-002
 239    8.962500095367e-001  7.927577689290e-002
 240    8.999999761581e-001  7.888361096382e-002
 241    9.037500023842e-001  7.842752091587e-002
 242    9.075000286102e-001  7.790293708444e-002
 243    9.112499952316e-001  7.730594020337e-002
 244    9.150000214577e-001  7.663335897028e-002
 245    9.187499880791e-001  7.588288933039e-002
 246    9.225000143051e-001  7.505322579294e-002
 247    9.262499809265e-001  7.414412725717e-002
 248    9.300000071526e-001  7.315652538091e-002
 249    9.337499737740e-001  7.209257766604e-002
 250    9.375000000000e-001  7.095565989614e-002
 251    9.412500262260e-001  6.975031446666e-002
 252    9.449999928474e-001  6.848215524107e-002
 253    9.487500190735e-001  6.715769201517e-002
 254    9.524999856949e-001  6.578414238989e-002
 255    9.562500119209e-001  6.436917286366e-002
 256    9.599999785423e-001  6.292067296803e-002
 257    9.637500047684e-001  6.144648507237e-002
 258    9.674999713898e-001  5.995418583974e-002
 259    9.712499976158e-001  5.845087934285e-002
 260    9.750000238419e-001  5.694306429476e-002
 261    9.787499904633e-001  5.543651750311e-002
 262    9.825000166893e-001  5.393626550213e-002
 263    9.862499833107e-001  5.244657721370e-002
 264    9.900000095367e-001  5.097100364044e-002
 265    9.937499761581e-001  4.951246904209e-002
 266    9.975000023842e-001  4.807335430756e-002
 267    1.001250028610e+000  4.665559018031e-002
 268    1.004999995232e+000  4.526077024639e-002
 269    1.008749961853e+000  4.389021731913e-002
 270    1.012500047684e+000  4.254507288337e-002
 271    1.016250014305e+000  4.122633464634e-002
 272    1.019999980927e+000  3.993489276618e-002
 273    1.023749947548e+000  3.867155225947e-002
 274    1.027500033379e+000  3.743703667074e-002
 275    1.031250000000e+000  3.623198807240e-002
 276    1.034999966621e+000  3.505697673187e-002
 277    1.038750052452e+000  3.391248513013e-002
 278    1.042500019073e+000  3.279893660918e-002
 279    1.046249985695e+000  3.171669200063e-002
 280    1.049999952316e+000  3.066607616842e-002
 281    1.053750038147e+000  2.964739128016e-002
 282    1.057500004768e+000  2.866096551530e-002
 283    1.061249971390e+000  2.770714808255e-002
 284    1.065000057220e+000  2.678635522723e-002
 285    1.068750023842e+000  2.589907173999e-002
 286    1.072499990463e+000  2.504586718045e-002
 287    1.076249957085e+000  2.422738471068e-002
 288    1.080000042915e+000  2.344432678074e-002
 289    1.083750009537e+000  2.269743287936e-002
 290    1.087499976158e+000  2.198743650690e-002
 291    1.091249942780e+000  2.131502019241e-002
 292    1.095000028610e+000  2.068076197989e-002
 293    1.098749995232e+000  2.008508500643e-002
 294    1.102499961853e+000  1.952819813043e-002
 295    1.106250047684e+000  1.901005907916e-002
 296    1.110000014305e+000  1.853033300489e-002
 297    1.113749980927e+000  1.808838197030e-002
 298    1.117499947548e+000  1.768325869925e-002
 299    1.121250033379e+000  1.731372997165e-002
 300    1.125000000000e+000  1.697832049802e-002
 301    1.128749966621e+000  1.667536892928e-002
 302    1.132500052452e+000  1.640309921466e-002
 303    1.136250019073e+000  1.615970667452e-002
 304    1.139999985695e+000  1.594344380312e-002
 305    1.143749952316e+000  1.575269577093e-002
 306    1.147500038147e+000  1.558605313301e-002
 307    1.151250004768e+000  1.544236345217e-002
 308    1.154999971390e+000  1.532075523399e-002
 309    1.158750057220e+000  1.522064573132e-002
 310    1.162500023842e+000  1.514171213843e-002
 311    1.166249990463e+000  1.508385422640e-002
 312    1.169999957085e+000  1.504711583257e-002
 313    1.173750042915e+000  1.503161127679e-002
 314    1.177500009537e+000  1.503743679263e-002
 315    1.181249976158e+000  1.506457460113e-002
 316    1.184999942780e+000  1.511281536892e-002
 317    1.188750028610e+000  1.518169282936e-002
 318    1.192499995232e+000  1.527042702772e-002
 319    1.196249961853e+000  1.537789654918e-002
 320    1.200000047684e+000  1.550264573656e-002
 321    1.203750014305e+000  1.564289800823e-002
 322    1.207499980927e+000  1.579660329036e-002
 323    1.211249947548e+000  1.596151254140e-002
 324    1.215000033379e+000  1.613525497727e-002
 325    1.218750000000e+000  1.631543923169e-002
 326    1.222499966621e+000  1.649976337329e-002
 327    1.226250052452e+000  1.668611278757e-002
 328    1.230000019073e+000  1.687267079018e-002
 329    1.233749985695e+000  1.705800923519e-002
 330    1.237499952316e+000  1.724116311409e-002
 331    1.241250038147e+000  1.742169809528e-002
 332    1.245000004768e+000  1.759973868728e-002
 333    1.248749971390e+000  1.777598475106e-002
 334    1.252500057220e+000  1.795169398189e-002
 335    1.256250023842e+000  1.812863658182e-002
 336    1.259999990463e+000  1.830903139897e-002
 337    1.263749957085e+000  1.849545020610e-002
 338    1.267500042915e+000  1.869070840068e-002
 339    1.271250009537e+000  1.889773792587e-002
 340    1.274999976158e+000  1.911944814958e-002
 341    1.278749942780e+000  1.935858394951e-002
 342    1.282500028610e+000  1.961758034304e-002
 343    1.286249995232e+000  1.989843228832e-002
 344    1.289999961853e+000  2.020256772637e-002
 345    1.293750047684e+000  2.053074744530e-002
 346    1.297500014305e+000  2.088298119605e-002
 347    1.301249980927e+000  2.125848309137e-002
 348    1.304999947548e+000  2.165565833449e-002
 349    1.308750033379e+000  2.207212611102e-002
 350    1.312500000000e+000  2.250479308888e-002
 351    1.316249966621e+000  2.294995145872e-002
 352    1.320000052452e+000  2.340343064629e-002
 353    1.323750019073e+000  2.386077945121e-002
 354    1.327499985695e+000  2.431747118942e-002
 355    1.331249952316e+000  2.476912187412e-002
 356    1.335000038147e+000  2.521173319779e-002
 357    1.338750004768e+000  2.564189272001e-002
 358    1.342499971390e+000  2.605698350817e-002
 359    1.346250057220e+000  2.645533578470e-002
 360    1.350000023842e+000  2.683633724228e-002
 361    1.353749990463e+000  2.720049506053e-002
 362    1.357499957085e+000  2.754941749386e-002
 363    1.361250042915e+000  2.788575613871e-002
 364    1.365000009537e+000  2.821306593716e-002
 365    1.368749976158e+000  2.853564286605e-002
 366    1.372499942780e+000  2.885830197483e-002
 367    1.376250028610e+000  2.918613920920e-002
 368    1.379999995232e+000  2.952429665253e-002
 369    1.383749961853e+000  2.987772140652e-002
 370    1.387500047684e+000  3.025096831843e-002
 371    1.391250014305e+000  3.064801376313e-002
 372    1.394999980927e+000  3.107215009630e-002
 373    1.398749947548e+000  3.152589464560e-002
 374    1.402500033379e+000  3.201098868623e-002
 375    1.406250000000e+000  3.252840368077e-002
 376    1.409999966621e+000  3.307842969894e-002
 377    1.413750052452e+000  3.366076011211e-002
 378    1.417500019073e+000  3.427462145686e-002
 379    1.421249985695e+000  3.491889735684e-002
 380    1.424999952316e+000  3.559226127341e-002
 381    1.428750038147e+000  3.629326786846e-002
 382    1.432500004768e+000  3.702046407387e-002
 383    1.436249971390e+000  3.777243101969e-002
 384    1.440000057220e+000  3.854782782495e-002
 385    1.443750023842e+000  3.934539046139e-002
 386    1.447499990463e+000  4.016390748322e-002
 387    1.451249957085e+000  4.100218171254e-002
 388    1.455000042915e+000  4.185898939148e-002
 389    1.458750009537e+000  4.273301549256e-002
 390    1.462499976158e+000  4.362281840295e-002
 391    1.466249942780e+000  4.452678769827e-002
 392    1.470000028610e+000  4.544313045219e-002
 393    1.473749995232e+000  4.636987309903e-002
 394    1.477499961853e+000  4.730489874259e-002
 395    1.481250047684e+000  4.824597598985e-002
 396    1.485000014305e+000  4.919083451852e-002
 397    1.488749980927e+000  5.013721764088e-002
 398    1.492499947548e+000  5.108297763392e-002
 399    1.496250033379e+000  5.202613400295e-002
 400    1.500000000000e+000  5.296492148191e-002
X
Y
Comp 12 of Cauchy Stress Node 2702 : Time
 401
 0    0.000000000000e+000  0.000000000000e+000
 1    3.749999916181e-003  3.664142601192e-003
 2    7.499999832362e-003  7.244417271577e-003
 3    1.125000044703e-002  1.074276299216e-002
 4    1.499999966472e-002  1.416105800308e-002
 5    1.875000074506e-002  1.750112449750e-002
 6    2.250000089407e-002  2.076472565532e-002
 7    2.624999918044e-002  2.395356040448e-002
 8    2.999999932945e-002  2.706927426159e-002
 9    3.375000134110e-002  3.011346558109e-002
 10    3.750000149012e-002  3.308767864481e-002
 11    4.125000163913e-002  3.599342714995e-002
 12    4.500000178814e-002  3.883218405768e-002
 13    4.874999821186e-002  4.160541342571e-002
 14    5.249999836087e-002  4.431454632431e-002
 15    5.624999850988e-002  4.696101987734e-002
 16    5.999999865890e-002  4.954625828192e-002
 17    6.374999880791e-002  5.207169286907e-002
 18    6.750000268221e-002  5.453875297680e-002
 19    7.124999910593e-002  5.694886654615e-002
 20    7.500000298023e-002  5.930347688496e-002
 21    7.874999940395e-002  6.160401064903e-002
 22    8.250000327826e-002  6.385188661516e-002
 23    8.624999970198e-002  6.604851514101e-002
 24    9.000000357628e-002  6.819527227432e-002
 25    9.375000000000e-002  7.029348630458e-002
 26    9.749999642372e-002  7.234445944428e-002
 27    1.012500002980e-001  7.434940632433e-002
 28    1.049999967217e-001  7.630948018283e-002
 29    1.087500005960e-001  7.822573009878e-002
 30    1.124999970198e-001  8.009912118316e-002
 31    1.162500008941e-001  8.193050321192e-002
 32    1.199999973178e-001  8.372062217444e-002
 33    1.237500011921e-001  8.547010175884e-002
 34    1.274999976158e-001  8.717947736382e-002
 35    1.312499940395e-001  8.884918022901e-002
 36    1.350000053644e-001  9.047955762595e-002
 37    1.387500017881e-001  9.207091093063e-002
 38    1.424999982119e-001  9.362351641059e-002
 39    1.462499946356e-001  9.513763867319e-002
 40    1.500000059605e-001  9.661355733871e-002
 41    1.537500023842e-001  9.805162914097e-002
 42    1.574999988079e-001  9.945226978511e-002
 43    1.612499952316e-001  1.008159950376e-001
 44    1.650000065565e-001  1.021434502676e-001
 45    1.687500029802e-001  1.034353948385e-001
 46    1.724999994040e-001  1.046927236021e-001
 47    1.762499958277e-001  1.059164715931e-001
 48    1.800000071526e-001  1.071078040451e-001
 49    1.837500035763e-001  1.082680290192e-001
 50    1.875000000000e-001  1.093985691667e-001
 51    1.912499964237e-001  1.105009735003e-001
 52    1.949999928474e-001  1.115769002214e-001
 53    1.987500041723e-001  1.126281396672e-001
 54    2.025000005960e-001  1.136565395817e-001
 55    2.062499970198e-001  1.146640642360e-001
 56    2.099999934435e-001  1.156527128443e-001
 57    2.137500047684e-001  1.166245188564e-001
 58    2.175000011921e-001  1.175814912096e-001
 59    2.212499976158e-001  1.185255720466e-001
 60    2.249999940395e-001  1.194585683569e-001
 61    2.287500053644e-001  1.203820908442e-001
 62    2.325000017881e-001  1.212974498793e-001
 63    2.362499982119e-001  1.222056002542e-001
 64    2.399999946356e-001  1.231070573255e-001
 65    2.437500059605e-001  1.240018344298e-001
 66    2.475000023842e-001  1.248893957958e-001
 67    2.512499988079e-001  1.257686235011e-001
 68    2.549999952316e-001  1.266378162801e-001
 69    2.587499916553e-001  1.274947536737e-001
 70    2.624999880791e-001  1.283366454393e-001
 71    2.662500143051e-001  1.291603323072e-001
 72    2.700000107288e-001  1.299623107165e-001
 73    2.737500071526e-001  1.307388772070e-001
 74    2.775000035763e-001  1.314862790704e-001
 75    2.812500000000e-001  1.322008181363e-001
 76    2.849999964237e-001  1.328790367395e-001
 77    2.887499928474e-001  1.335178654641e-001
 78    2.924999892712e-001  1.341146923602e-001
 79    2.962499856949e-001  1.346675385535e-001
 80    3.000000119209e-001  1.351751168817e-001
 81    3.037500083447e-001  1.356369378418e-001
 82    3.075000047684e-001  1.360533235222e-001
 83    3.112500011921e-001  1.364254748821e-001
 84    3.149999976158e-001  1.367554131150e-001
 85    3.187499940395e-001  1.370460373163e-001
 86    3.224999904633e-001  1.373009759933e-001
 87    3.262499868870e-001  1.375245796144e-001
 88    3.300000131130e-001  1.377217901498e-001
 89    3.337500095367e-001  1.378980086744e-001
 90    3.375000059605e-001  1.380590129644e-001
 91    3.412500023842e-001  1.382107020915e-001
 92    3.449999988079e-001  1.383590418845e-001
 93    3.487499952316e-001  1.385098253936e-001
 94    3.524999916553e-001  1.386685585231e-001
 95    3.562499880791e-001  1.388402834535e-001
 96    3.600000143051e-001  1.390294546634e-001
 97    3.637500107288e-001  1.392398255318e-001
 98    3.675000071526e-001  1.394743517786e-001
 99    3.712500035763e-001  1.397351861745e-001
 100    3.750000000000e-001  1.400235927850e-001
 101    3.787499964237e-001  1.403399650007e-001
 102    3.824999928474e-001  1.406839130074e-001
 103    3.862499892712e-001  1.410542337596e-001
 104    3.899999856949e-001  1.414490380883e-001
 105    3.937500119209e-001  1.418658167869e-001
 106    3.975000083447e-001  1.423015037924e-001
 107    4.012500047684e-001  1.427526181936e-001
 108    4.050000011921e-001  1.432152760029e-001
 109    4.087499976158e-001  1.436853326112e-001
 110    4.124999940395e-001  1.441583868861e-001
 111    4.162499904633e-001  1.446299214661e-001
 112    4.199999868870e-001  1.450952890515e-001
 113    4.237500131130e-001  1.455497575551e-001
 114    4.275000095367e-001  1.459885838628e-001
 115    4.312500059605e-001  1.464070911705e-001
 116    4.350000023842e-001  1.468006093800e-001
 117    4.387499988079e-001  1.471646418422e-001
 118    4.424999952316e-001  1.474948518723e-001
 119    4.462499916553e-001  1.477872006595e-001
 120    4.499999880791e-001  1.480379153043e-001
 121    4.537500143051e-001  1.482436942309e-001
 122    4.575000107288e-001  1.484017103165e-001
 123    4.612500071526e-001  1.485097766668e-001
 124    4.650000035763e-001  1.485663336515e-001
 125    4.687500000000e-001  1.485706072301e-001
 126    4.724999964237e-001  1.485226856172e-001
 127    4.762499928474e-001  1.484235267341e-001
 128    4.799999892712e-001  1.482750245184e-001
 129    4.837499856949e-001  1.480800161511e-001
 130    4.875000119209e-001  1.478422904760e-001
 131    4.912500083447e-001  1.475664801151e-001
 132    4.950000047684e-001  1.472580922395e-001
 133    4.987500011921e-001  1.469233247638e-001
 134    5.024999976158e-001  1.465689839423e-001
 135    5.062500238419e-001  1.462023325264e-001
 136    5.099999904633e-001  1.458309230208e-001
 137    5.137500166893e-001  1.454624383897e-001
 138    5.174999833107e-001  1.451045135409e-001
 139    5.212500095367e-001  1.447645428777e-001
 140    5.249999761581e-001  1.444495637715e-001
 141    5.287500023842e-001  1.441661196202e-001
 142    5.325000286102e-001  1.439200858772e-001
 143    5.362499952316e-001  1.437166482210e-001
 144    5.400000214577e-001  1.435601992160e-001
 145    5.437499880791e-001  1.434543390572e-001
 146    5.475000143051e-001  1.434018404782e-001
 147    5.512499809265e-001  1.434046646208e-001
 148    5.550000071526e-001  1.434640198946e-001
 149    5.587499737740e-001  1.435803554952e-001
 150    5.625000000000e-001  1.437534289062e-001
 151    5.662500262260e-001  1.439823986590e-001
 152    5.699999928474e-001  1.442657690495e-001
 153    5.737500190735e-001  1.446015033126e-001
 154    5.774999856949e-001  1.449870142341e-001
 155    5.812500119209e-001  1.454191970825e-001
 156    5.849999785423e-001  1.458944480866e-001
 157    5.887500047684e-001  1.464086697251e-001
 158    5.924999713898e-001  1.469573252648e-001
 159    5.962499976158e-001  1.475354111195e-001
 160    6.000000238419e-001  1.481375817955e-001
 161    6.037499904633e-001  1.487581297010e-001
 162    6.075000166893e-001  1.493911636621e-001
 163    6.112499833107e-001  1.500306046009e-001
 164    6.150000095367e-001  1.506704195589e-001
 165    6.187499761581e-001  1.513046250492e-001
 166    6.225000023842e-001  1.519275326282e-001
 167    6.262500286102e-001  1.525338036567e-001
 168    6.299999952316e-001  1.531185997277e-001
 169    6.337500214577e-001  1.536776821315e-001
 170    6.374999880791e-001  1.542074707150e-001
 171    6.412500143051e-001  1.547050842643e-001
 172    6.449999809265e-001  1.551683416963e-001
 173    6.487500071526e-001  1.555957726389e-001
 174    6.524999737740e-001  1.559864934534e-001
 175    6.562500000000e-001  1.563401731104e-001
 176    6.600000262260e-001  1.566568972170e-001
 177    6.637499928474e-001  1.569371040910e-001
 178    6.675000190735e-001  1.571813805401e-001
 179    6.712499856949e-001  1.573904414475e-001
 180    6.750000119209e-001  1.575650026649e-001
 181    6.787499785423e-001  1.577056784183e-001
 182    6.825000047684e-001  1.578129791468e-001
 183    6.862499713898e-001  1.578872408718e-001
 184    6.899999976158e-001  1.579286456108e-001
 185    6.937500238419e-001  1.579372297972e-001
 186    6.974999904633e-001  1.579129174352e-001
 187    7.012500166893e-001  1.578555095196e-001
 188    7.049999833107e-001  1.577648279816e-001
 189    7.087500095367e-001  1.576406380534e-001
 190    7.124999761581e-001  1.574827900529e-001
 191    7.162500023842e-001  1.572911907732e-001
 192    7.200000286102e-001  1.570658481866e-001
 193    7.237499952316e-001  1.568068822473e-001
 194    7.275000214577e-001  1.565145611763e-001
 195    7.312499880791e-001  1.561892769486e-001
 196    7.350000143051e-001  1.558315858990e-001
 197    7.387499809265e-001  1.554421947896e-001
 198    7.425000071526e-001  1.550219278783e-001
 199    7.462499737740e-001  1.545717737824e-001
 200    7.500000000000e-001  1.540928792208e-001
 201    7.537500262260e-001  1.535864966363e-001
 202    7.574999928474e-001  1.530540312827e-001
 203    7.612500190735e-001  1.524969941378e-001
 204    7.649999856949e-001  1.519169764221e-001
 205    7.687500119209e-001  1.513156558573e-001
 206    7.724999785423e-001  1.506947445124e-001
 207    7.762500047684e-001  1.500559373945e-001
 208    7.799999713898e-001  1.494008975476e-001
 209    7.837499976158e-001  1.487312058359e-001
 210    7.875000238419e-001  1.480483364314e-001
 211    7.912499904633e-001  1.473535744101e-001
 212    7.950000166893e-001  1.466480522603e-001
 213    7.987499833107e-001  1.459326802194e-001
 214    8.025000095367e-001  1.452081539482e-001
 215    8.062499761581e-001  1.444749778509e-001
 216    8.100000023842e-001  1.437334501743e-001
 217    8.137500286102e-001  1.429837346077e-001
 218    8.174999952316e-001  1.422258526087e-001
 219    8.212500214577e-001  1.414597807080e-001
 220    8.249999880791e-001  1.406854932755e-001
 221    8.287500143051e-001  1.399030178040e-001
 222    8.324999809265e-001  1.391125045717e-001
 223    8.362500071526e-001  1.383142381907e-001
 224    8.399999737740e-001  1.375087435544e-001
 225    8.437500000000e-001  1.366967887431e-001
 226    8.475000262260e-001  1.358793564141e-001
 227    8.512499928474e-001  1.350577067584e-001
 228    8.550000190735e-001  1.342333006114e-001
 229    8.587499856949e-001  1.334078016132e-001
 230    8.625000119209e-001  1.325829725340e-001
 231    8.662499785423e-001  1.317607010901e-001
 232    8.700000047684e-001  1.309428513423e-001
 233    8.737499713898e-001  1.301312446967e-001
 234    8.774999976158e-001  1.293276340887e-001
 235    8.812500238419e-001  1.285335888714e-001
 236    8.849999904633e-001  1.277505053952e-001
 237    8.887500166893e-001  1.269795526937e-001
 238    8.924999833107e-001  1.262217365205e-001
 239    8.962500095367e-001  1.254777734354e-001
 240    8.999999761581e-001  1.247482013330e-001
 241    9.037500023842e-001  1.240333453193e-001
 242    9.075000286102e-001  1.233333465457e-001
 243    9.112499952316e-001  1.226481868327e-001
 244    9.150000214577e-001  1.219776821882e-001
 245    9.187499880791e-001  1.213215437159e-001
 246    9.225000143051e-001  1.206793418154e-001
 247    9.262499809265e-001  1.200505553186e-001
 248    9.300000071526e-001  1.194345879555e-001
 249    9.337499737740e-001  1.188307523727e-001
 250    9.375000000000e-001  1.182383405417e-001
 251    9.412500262260e-001  1.176565933600e-001
 252    9.449999928474e-001  1.170847491920e-001
 253    9.487500190735e-001  1.165220641717e-001
 254    9.524999856949e-001  1.159678452462e-001
 255    9.562500119209e-001  1.154214566574e-001
 256    9.599999785423e-001  1.148823342472e-001
 257    9.637500047684e-001  1.143500026315e-001
 258    9.674999713898e-001  1.138240814582e-001
 259    9.712499976158e-001  1.133042711020e-001
 260    9.750000238419e-001  1.127903423458e-001
 261    9.787499904633e-001  1.122821081430e-001
 262    9.825000166893e-001  1.117793968320e-001
 263    9.862499833107e-001  1.112820488960e-001
 264    9.900000095367e-001  1.107898673415e-001
 265    9.937499761581e-001  1.103025909141e-001
 266    9.975000023842e-001  1.098199192062e-001
 267    1.001250028610e+000  1.093414464593e-001
 268    1.004999995232e+000  1.088667358086e-001
 269    1.008749961853e+000  1.083952744678e-001
 270    1.012500047684e+000  1.079265313968e-001
 271    1.016250014305e+000  1.074599627033e-001
 272    1.019999980927e+000  1.069950795174e-001
 273    1.023749947548e+000  1.065314148366e-001
 274    1.027500033379e+000  1.060686288774e-001
 275    1.031250000000e+000  1.056064838544e-001
 276    1.034999966621e+000  1.051448692009e-001
 277    1.038750052452e+000  1.046838180348e-001
 278    1.042500019073e+000  1.042234970629e-001
 279    1.046249985695e+000  1.037641979381e-001
 280    1.049999952316e+000  1.033062983304e-001
 281    1.053750038147e+000  1.028502768278e-001
 282    1.057500004768e+000  1.023966188729e-001
 283    1.061249971390e+000  1.019458317757e-001
 284    1.065000057220e+000  1.014983949810e-001
 285    1.068750023842e+000  1.010547205433e-001
 286    1.072499990463e+000  1.006151136011e-001
 287    1.076249957085e+000  1.001798092574e-001
 288    1.080000042915e+000  9.974887274206e-002
 289    1.083750009537e+000  9.932228051126e-002
 290    1.087499976158e+000  9.889984503388e-002
 291    1.091249942780e+000  9.848129492253e-002
 292    1.095000028610e+000  9.806626532227e-002
 293    1.098749995232e+000  9.765429358929e-002
 294    1.102499961853e+000  9.724489472806e-002
 295    1.106250047684e+000  9.683754637837e-002
 296    1.110000014305e+000  9.643174804747e-002
 297    1.113749980927e+000  9.602701161057e-002
 298    1.117499947548e+000  9.562291357666e-002
 299    1.121250033379e+000  9.521907154471e-002
 300    1.125000000000e+000  9.481518972665e-002
 301    1.128749966621e+000  9.441102195531e-002
 302    1.132500052452e+000  9.400637973100e-002
 303    1.136250019073e+000  9.360114183277e-002
 304    1.139999985695e+000  9.319521479309e-002
 305    1.143749952316e+000  9.278851523995e-002
 306    1.147500038147e+000  9.238097254187e-002
 307    1.151250004768e+000  9.197252351791e-002
 308    1.154999971390e+000  9.156307447702e-002
 309    1.158750057220e+000  9.115252524614e-002
 310    1.162500023842e+000  9.074076328427e-002
 311    1.166249990463e+000  9.032765947282e-002
 312    1.169999957085e+000  8.991310752928e-002
 313    1.173750042915e+000  8.949701029807e-002
 314    1.177500009537e+000  8.907932337373e-002
 315    1.181249976158e+000  8.866006109864e-002
 316    1.184999942780e+000  8.823931206018e-002
 317    1.188750028610e+000  8.781726684421e-002
 318    1.192499995232e+000  8.739419989288e-002
 319    1.196249961853e+000  8.697050325572e-002
 320    1.200000047684e+000  8.654667362571e-002
 321    1.203750014305e+000  8.612328853458e-002
 322    1.207499980927e+000  8.570101417601e-002
 323    1.211249947548e+000  8.528055049479e-002
 324    1.215000033379e+000  8.486263178289e-002
 325    1.218750000000e+000  8.444799076766e-002
 326    1.222499966621e+000  8.403730742633e-002
 327    1.226250052452e+000  8.363121535629e-002
 328    1.230000019073e+000  8.323022536933e-002
 329    1.233749985695e+000  8.283474579453e-002
 330    1.237499952316e+000  8.244503334165e-002
 331    1.241250038147e+000  8.206119839102e-002
 332    1.245000004768e+000  8.168319322169e-002
 333    1.248749971390e+000  8.131082642823e-002
 334    1.252500057220e+000  8.094375438988e-002
 335    1.256250023842e+000  8.058153785765e-002
 336    1.259999990463e+000  8.022361576557e-002
 337    1.263749957085e+000  7.986939497292e-002
 338    1.267500042915e+000  7.951821926981e-002
 339    1.271250009537e+000  7.916946019977e-002
 340    1.274999976158e+000  7.882251057774e-002
 341    1.278749942780e+000  7.847682412714e-002
 342    1.282500028610e+000  7.813195116818e-002
 343    1.286249995232e+000  7.778753645718e-002
 344    1.289999961853e+000  7.744336735457e-002
 345    1.293750047684e+000  7.709935449064e-002
 346    1.297500014305e+000  7.675554305315e-002
 347    1.301249980927e+000  7.641210846603e-002
 348    1.304999947548e+000  7.606937032193e-002
 349    1.308750033379e+000  7.572774853557e-002
 350    1.312500000000e+000  7.538775973022e-002
 351    1.316249966621e+000  7.504998240620e-002
 352    1.320000052452e+000  7.471506401896e-002
 353    1.323750019073e+000  7.438364349306e-002
 354    1.327499985695e+000  7.405635662377e-002
 355    1.331249952316e+000  7.373378586024e-002
 356    1.335000038147e+000  7.341644167900e-002
 357    1.338750004768e+000  7.310470804572e-002
 358    1.342499971390e+000  7.279886439443e-002
 359    1.346250057220e+000  7.249900069088e-002
 360    1.350000023842e+000  7.220506705344e-002
 361    1.353749990463e+000  7.191682148725e-002
 362    1.357499957085e+000  7.163386400789e-002
 363    1.361250042915e+000  7.135563820601e-002
 364    1.365000009537e+000  7.108144037426e-002
 365    1.368749976158e+000  7.081047825515e-002
 366    1.372499942780e+000  7.054185386747e-002
 367    1.376250028610e+000  7.027464628220e-002
 368    1.379999995232e+000  7.000790741295e-002
 369    1.383749961853e+000  6.974073830992e-002
 370    1.387500047684e+000  6.947227690369e-002
 371    1.391250014305e+000  6.920174330473e-002
 372    1.394999980927e+000  6.892845649272e-002
 373    1.398749947548e+000  6.865183949471e-002
 374    1.402500033379e+000  6.837144136429e-002
 375    1.406250000000e+000  6.808689381927e-002
 376    1.409999966621e+000  6.779795460403e-002
 377    1.413750052452e+000  6.750445500016e-002
 378    1.417500019073e+000  6.720631916076e-002
 379    1.421249985695e+000  6.690352603793e-002
 380    1.424999952316e+000  6.659610792994e-002
 381    1.428750038147e+000  6.628414340317e-002
 382    1.432500004768e+000  6.596775740385e-002
 383    1.436249971390e+000  6.564710456878e-002
 384    1.440000057220e+000  6.532238267362e-002
 385    1.443750023842e+000  6.499384224415e-002
 386    1.447499990463e+000  6.466177105904e-002
 387    1.451249957085e+000  6.432652406394e-002
 388    1.455000042915e+000  6.398852072656e-002
 389    1.458750009537e+000  6.364825200289e-002
 390    1.462499976158e+000  6.330627072603e-002
 391    1.466249942780e+000  6.296319749206e-002
 392    1.470000028610e+000  6.261970762163e-002
 393    1.473749995232e+000  6.227651884779e-002
 394    1.477499961853e+000  6.193437881768e-002
 395    1.481250047684e+000  6.159403223544e-002
 396    1.485000014305e+000  6.125621154904e-002
 397    1.488749980927e+000  6.092160169035e-002
 398    1.492499947548e+000  6.059083154425e-002
 399    1.496250033379e+000  6.026444084942e-002
 400    1.500000000000e+000  5.994288019836e-002
