0    0.000000000000e+000  0.000000000000e+000
 1    3.749999916181e-003  3.664142601192e-003
 2    7.499999832362e-003  7.244417271577e-003
 3    1.125000044703e-002  1.074276299216e-002
 4    1.499999966472e-002  1.416105800308e-002
 5    1.875000074506e-002  1.750112449750e-002
 6    2.250000089407e-002  2.076472565532e-002
 7    2.624999918044e-002  2.395356040448e-002
 8    2.999999932945e-002  2.706927426159e-002
 9    3.375000134110e-002  3.011346558109e-002
 10    3.750000149012e-002  3.308767864481e-002
 11    4.125000163913e-002  3.599342714995e-002
 12    4.500000178814e-002  3.883218405768e-002
 13    4.874999821186e-002  4.160541342571e-002
 14    5.249999836087e-002  4.431454632431e-002
 15    5.624999850988e-002  4.696101987734e-002
 16    5.999999865890e-002  4.954625828192e-002
 17    6.374999880791e-002  5.207169286907e-002
 18    6.750000268221e-002  5.453875297680e-002
 19    7.124999910593e-002  5.694886654615e-002
 20    7.500000298023e-002  5.930347688496e-002
 21    7.874999940395e-002  6.160401064903e-002
 22    8.250000327826e-002  6.385188661516e-002
 23    8.624999970198e-002  6.604851514101e-002
 24    9.000000357628e-002  6.819527227432e-002
 25    9.375000000000e-002  7.029348630458e-002
 26    9.749999642372e-002  7.234445944428e-002
 27    1.012500002980e-001  7.434940632433e-002
 28    1.049999967217e-001  7.630948018283e-002
 29    1.087500005960e-001  7.822573009878e-002
 30    1.124999970198e-001  8.009912118316e-002
 31    1.162500008941e-001  8.193050321192e-002
 32    1.199999973178e-001  8.372062217444e-002
 33    1.237500011921e-001  8.547010175884e-002
 34    1.274999976158e-001  8.717947736382e-002
 35    1.312499940395e-001  8.884918022901e-002
 36    1.350000053644e-001  9.047955762595e-002
 37    1.387500017881e-001  9.207091093063e-002
 38    1.424999982119e-001  9.362351641059e-002
 39    1.462499946356e-001  9.513763867319e-002
 40    1.500000059605e-001  9.661355733871e-002
 41    1.537500023842e-001  9.805162914097e-002
 42    1.574999988079e-001  9.945226978511e-002
 43    1.612499952316e-001  1.008159950376e-001
 44    1.650000065565e-001  1.021434502676e-001
 45    1.687500029802e-001  1.034353948385e-001
 46    1.724999994040e-001  1.046927236021e-001
 47    1.762499958277e-001  1.059164715931e-001
 48    1.800000071526e-001  1.071078040451e-001
 49    1.837500035763e-001  1.082680290192e-001
 50    1.875000000000e-001  1.093985691667e-001
 51    1.912499964237e-001  1.105009735003e-001
 52    1.949999928474e-001  1.115769002214e-001
 53    1.987500041723e-001  1.126281396672e-001
 54    2.025000005960e-001  1.136565395817e-001
 55    2.062499970198e-001  1.146640642360e-001
 56    2.099999934435e-001  1.156527128443e-001
 57    2.137500047684e-001  1.166245188564e-001
 58    2.175000011921e-001  1.175814912096e-001
 59    2.212499976158e-001  1.185255720466e-001
 60    2.249999940395e-001  1.194585683569e-001
 61    2.287500053644e-001  1.203820908442e-001
 62    2.325000017881e-001  1.212974498793e-001
 63    2.362499982119e-001  1.222056002542e-001
 64    2.399999946356e-001  1.231070573255e-001
 65    2.437500059605e-001  1.240018344298e-001
 66    2.475000023842e-001  1.248893957958e-001
 67    2.512499988079e-001  1.257686235011e-001
 68    2.549999952316e-001  1.266378162801e-001
 69    2.587499916553e-001  1.274947536737e-001
 70    2.624999880791e-001  1.283366454393e-001
 71    2.662500143051e-001  1.291603323072e-001
 72    2.700000107288e-001  1.299623107165e-001
 73    2.737500071526e-001  1.307388772070e-001
 74    2.775000035763e-001  1.314862790704e-001
 75    2.812500000000e-001  1.322008181363e-001
 76    2.849999964237e-001  1.328790367395e-001
 77    2.887499928474e-001  1.335178654641e-001
 78    2.924999892712e-001  1.341146923602e-001
 79    2.962499856949e-001  1.346675385535e-001
 80    3.000000119209e-001  1.351751168817e-001
 81    3.037500083447e-001  1.356369378418e-001
 82    3.075000047684e-001  1.360533235222e-001
 83    3.112500011921e-001  1.364254748821e-001
 84    3.149999976158e-001  1.367554131150e-001
 85    3.187499940395e-001  1.370460373163e-001
 86    3.224999904633e-001  1.373009759933e-001
 87    3.262499868870e-001  1.375245796144e-001
 88    3.300000131130e-001  1.377217901498e-001
 89    3.337500095367e-001  1.378980086744e-001
 90    3.375000059605e-001  1.380590129644e-001
 91    3.412500023842e-001  1.382107020915e-001
 92    3.449999988079e-001  1.383590418845e-001
 93    3.487499952316e-001  1.385098253936e-001
 94    3.524999916553e-001  1.386685585231e-001
 95    3.562499880791e-001  1.388402834535e-001
 96    3.600000143051e-001  1.390294546634e-001
 97    3.637500107288e-001  1.392398255318e-001
 98    3.675000071526e-001  1.394743517786e-001
 99    3.712500035763e-001  1.397351861745e-001
 100    3.750000000000e-001  1.400235927850e-001
 101    3.787499964237e-001  1.403399650007e-001
 102    3.824999928474e-001  1.406839130074e-001
 103    3.862499892712e-001  1.410542337596e-001
 104    3.899999856949e-001  1.414490380883e-001
 105    3.937500119209e-001  1.418658167869e-001
 106    3.975000083447e-001  1.423015037924e-001
 107    4.012500047684e-001  1.427526181936e-001
 108    4.050000011921e-001  1.432152760029e-001
 109    4.087499976158e-001  1.436853326112e-001
 110    4.124999940395e-001  1.441583868861e-001
 111    4.162499904633e-001  1.446299214661e-001
 112    4.199999868870e-001  1.450952890515e-001
 113    4.237500131130e-001  1.455497575551e-001
 114    4.275000095367e-001  1.459885838628e-001
 115    4.312500059605e-001  1.464070911705e-001
 116    4.350000023842e-001  1.468006093800e-001
 117    4.387499988079e-001  1.471646418422e-001
 118    4.424999952316e-001  1.474948518723e-001
 119    4.462499916553e-001  1.477872006595e-001
 120    4.499999880791e-001  1.480379153043e-001
 121    4.537500143051e-001  1.482436942309e-001
 122    4.575000107288e-001  1.484017103165e-001
 123    4.612500071526e-001  1.485097766668e-001
 124    4.650000035763e-001  1.485663336515e-001
 125    4.687500000000e-001  1.485706072301e-001
 126    4.724999964237e-001  1.485226856172e-001
 127    4.762499928474e-001  1.484235267341e-001
 128    4.799999892712e-001  1.482750245184e-001
 129    4.837499856949e-001  1.480800161511e-001
 130    4.875000119209e-001  1.478422904760e-001
 131    4.912500083447e-001  1.475664801151e-001
 132    4.950000047684e-001  1.472580922395e-001
 133    4.987500011921e-001  1.469233247638e-001
 134    5.024999976158e-001  1.465689839423e-001
 135    5.062500238419e-001  1.462023325264e-001
 136    5.099999904633e-001  1.458309230208e-001
 137    5.137500166893e-001  1.454624383897e-001
 138    5.174999833107e-001  1.451045135409e-001
 139    5.212500095367e-001  1.447645428777e-001
 140    5.249999761581e-001  1.444495637715e-001
 141    5.287500023842e-001  1.441661196202e-001
 142    5.325000286102e-001  1.439200858772e-001
 143    5.362499952316e-001  1.437166482210e-001
 144    5.400000214577e-001  1.435601992160e-001
 145    5.437499880791e-001  1.434543390572e-001
 146    5.475000143051e-001  1.434018404782e-001
 147    5.512499809265e-001  1.434046646208e-001
 148    5.550000071526e-001  1.434640198946e-001
 149    5.587499737740e-001  1.435803554952e-001
 150    5.625000000000e-001  1.437534289062e-001
 151    5.662500262260e-001  1.439823986590e-001
 152    5.699999928474e-001  1.442657690495e-001
 153    5.737500190735e-001  1.446015033126e-001
 154    5.774999856949e-001  1.449870142341e-001
 155    5.812500119209e-001  1.454191970825e-001
 156    5.849999785423e-001  1.458944480866e-001
 157    5.887500047684e-001  1.464086697251e-001
 158    5.924999713898e-001  1.469573252648e-001
 159    5.962499976158e-001  1.475354111195e-001
 160    6.000000238419e-001  1.481375817955e-001
 161    6.037499904633e-001  1.487581297010e-001
 162    6.075000166893e-001  1.493911636621e-001
 163    6.112499833107e-001  1.500306046009e-001
 164    6.150000095367e-001  1.506704195589e-001
 165    6.187499761581e-001  1.513046250492e-001
 166    6.225000023842e-001  1.519275326282e-001
 167    6.262500286102e-001  1.525338036567e-001
 168    6.299999952316e-001  1.531185997277e-001
 169    6.337500214577e-001  1.536776821315e-001
 170    6.374999880791e-001  1.542074707150e-001
 171    6.412500143051e-001  1.547050842643e-001
 172    6.449999809265e-001  1.551683416963e-001
 173    6.487500071526e-001  1.555957726389e-001
 174    6.524999737740e-001  1.559864934534e-001
 175    6.562500000000e-001  1.563401731104e-001
 176    6.600000262260e-001  1.566568972170e-001
 177    6.637499928474e-001  1.569371040910e-001
 178    6.675000190735e-001  1.571813805401e-001
 179    6.712499856949e-001  1.573904414475e-001
 180    6.750000119209e-001  1.575650026649e-001
 181    6.787499785423e-001  1.577056784183e-001
 182    6.825000047684e-001  1.578129791468e-001
 183    6.862499713898e-001  1.578872408718e-001
 184    6.899999976158e-001  1.579286456108e-001
 185    6.937500238419e-001  1.579372297972e-001
 186    6.974999904633e-001  1.579129174352e-001
 187    7.012500166893e-001  1.578555095196e-001
 188    7.049999833107e-001  1.577648279816e-001
 189    7.087500095367e-001  1.576406380534e-001
 190    7.124999761581e-001  1.574827900529e-001
 191    7.162500023842e-001  1.572911907732e-001
 192    7.200000286102e-001  1.570658481866e-001
 193    7.237499952316e-001  1.568068822473e-001
 194    7.275000214577e-001  1.565145611763e-001
 195    7.312499880791e-001  1.561892769486e-001
 196    7.350000143051e-001  1.558315858990e-001
 197    7.387499809265e-001  1.554421947896e-001
 198    7.425000071526e-001  1.550219278783e-001
 199    7.462499737740e-001  1.545717737824e-001
 200    7.500000000000e-001  1.540928792208e-001
 201    7.537500262260e-001  1.535864966363e-001
 202    7.574999928474e-001  1.530540312827e-001
 203    7.612500190735e-001  1.524969941378e-001
 204    7.649999856949e-001  1.519169764221e-001
 205    7.687500119209e-001  1.513156558573e-001
 206    7.724999785423e-001  1.506947445124e-001
 207    7.762500047684e-001  1.500559373945e-001
 208    7.799999713898e-001  1.494008975476e-001
 209    7.837499976158e-001  1.487312058359e-001
 210    7.875000238419e-001  1.480483364314e-001
 211    7.912499904633e-001  1.473535744101e-001
 212    7.950000166893e-001  1.466480522603e-001
 213    7.987499833107e-001  1.459326802194e-001
 214    8.025000095367e-001  1.452081539482e-001
 215    8.062499761581e-001  1.444749778509e-001
 216    8.100000023842e-001  1.437334501743e-001
 217    8.137500286102e-001  1.429837346077e-001
 218    8.174999952316e-001  1.422258526087e-001
 219    8.212500214577e-001  1.414597807080e-001
 220    8.249999880791e-001  1.406854932755e-001
 221    8.287500143051e-001  1.399030178040e-001
 222    8.324999809265e-001  1.391125045717e-001
 223    8.362500071526e-001  1.383142381907e-001
 224    8.399999737740e-001  1.375087435544e-001
 225    8.437500000000e-001  1.366967887431e-001
 226    8.475000262260e-001  1.358793564141e-001
 227    8.512499928474e-001  1.350577067584e-001
 228    8.550000190735e-001  1.342333006114e-001
 229    8.587499856949e-001  1.334078016132e-001
 230    8.625000119209e-001  1.325829725340e-001
 231    8.662499785423e-001  1.317607010901e-001
 232    8.700000047684e-001  1.309428513423e-001
 233    8.737499713898e-001  1.301312446967e-001
 234    8.774999976158e-001  1.293276340887e-001
 235    8.812500238419e-001  1.285335888714e-001
 236    8.849999904633e-001  1.277505053952e-001
 237    8.887500166893e-001  1.269795526937e-001
 238    8.924999833107e-001  1.262217365205e-001
 239    8.962500095367e-001  1.254777734354e-001
 240    8.999999761581e-001  1.247482013330e-001
 241    9.037500023842e-001  1.240333453193e-001
 242    9.075000286102e-001  1.233333465457e-001
 243    9.112499952316e-001  1.226481868327e-001
 244    9.150000214577e-001  1.219776821882e-001
 245    9.187499880791e-001  1.213215437159e-001
 246    9.225000143051e-001  1.206793418154e-001
 247    9.262499809265e-001  1.200505553186e-001
 248    9.300000071526e-001  1.194345879555e-001
 249    9.337499737740e-001  1.188307523727e-001
 250    9.375000000000e-001  1.182383405417e-001
 251    9.412500262260e-001  1.176565933600e-001
 252    9.449999928474e-001  1.170847491920e-001
 253    9.487500190735e-001  1.165220641717e-001
 254    9.524999856949e-001  1.159678452462e-001
 255    9.562500119209e-001  1.154214566574e-001
 256    9.599999785423e-001  1.148823342472e-001
 257    9.637500047684e-001  1.143500026315e-001
 258    9.674999713898e-001  1.138240814582e-001
 259    9.712499976158e-001  1.133042711020e-001
 260    9.750000238419e-001  1.127903423458e-001
 261    9.787499904633e-001  1.122821081430e-001
 262    9.825000166893e-001  1.117793968320e-001
 263    9.862499833107e-001  1.112820488960e-001
 264    9.900000095367e-001  1.107898673415e-001
 265    9.937499761581e-001  1.103025909141e-001
 266    9.975000023842e-001  1.098199192062e-001
 267    1.001250028610e+000  1.093414464593e-001
 268    1.004999995232e+000  1.088667358086e-001
 269    1.008749961853e+000  1.083952744678e-001
 270    1.012500047684e+000  1.079265313968e-001
 271    1.016250014305e+000  1.074599627033e-001
 272    1.019999980927e+000  1.069950795174e-001
 273    1.023749947548e+000  1.065314148366e-001
 274    1.027500033379e+000  1.060686288774e-001
 275    1.031250000000e+000  1.056064838544e-001
 276    1.034999966621e+000  1.051448692009e-001
 277    1.038750052452e+000  1.046838180348e-001
 278    1.042500019073e+000  1.042234970629e-001
 279    1.046249985695e+000  1.037641979381e-001
 280    1.049999952316e+000  1.033062983304e-001
 281    1.053750038147e+000  1.028502768278e-001
 282    1.057500004768e+000  1.023966188729e-001
 283    1.061249971390e+000  1.019458317757e-001
 284    1.065000057220e+000  1.014983949810e-001
 285    1.068750023842e+000  1.010547205433e-001
 286    1.072499990463e+000  1.006151136011e-001
 287    1.076249957085e+000  1.001798092574e-001
 288    1.080000042915e+000  9.974887274206e-002
 289    1.083750009537e+000  9.932228051126e-002
 290    1.087499976158e+000  9.889984503388e-002
 291    1.091249942780e+000  9.848129492253e-002
 292    1.095000028610e+000  9.806626532227e-002
 293    1.098749995232e+000  9.765429358929e-002
 294    1.102499961853e+000  9.724489472806e-002
 295    1.106250047684e+000  9.683754637837e-002
 296    1.110000014305e+000  9.643174804747e-002
 297    1.113749980927e+000  9.602701161057e-002
 298    1.117499947548e+000  9.562291357666e-002
 299    1.121250033379e+000  9.521907154471e-002
 300    1.125000000000e+000  9.481518972665e-002
 301    1.128749966621e+000  9.441102195531e-002
 302    1.132500052452e+000  9.400637973100e-002
 303    1.136250019073e+000  9.360114183277e-002
 304    1.139999985695e+000  9.319521479309e-002
 305    1.143749952316e+000  9.278851523995e-002
 306    1.147500038147e+000  9.238097254187e-002
 307    1.151250004768e+000  9.197252351791e-002
 308    1.154999971390e+000  9.156307447702e-002
 309    1.158750057220e+000  9.115252524614e-002
 310    1.162500023842e+000  9.074076328427e-002
 311    1.166249990463e+000  9.032765947282e-002
 312    1.169999957085e+000  8.991310752928e-002
 313    1.173750042915e+000  8.949701029807e-002
 314    1.177500009537e+000  8.907932337373e-002
 315    1.181249976158e+000  8.866006109864e-002
 316    1.184999942780e+000  8.823931206018e-002
 317    1.188750028610e+000  8.781726684421e-002
 318    1.192499995232e+000  8.739419989288e-002
 319    1.196249961853e+000  8.697050325572e-002
 320    1.200000047684e+000  8.654667362571e-002
 321    1.203750014305e+000  8.612328853458e-002
 322    1.207499980927e+000  8.570101417601e-002
 323    1.211249947548e+000  8.528055049479e-002
 324    1.215000033379e+000  8.486263178289e-002
 325    1.218750000000e+000  8.444799076766e-002
 326    1.222499966621e+000  8.403730742633e-002
 327    1.226250052452e+000  8.363121535629e-002
 328    1.230000019073e+000  8.323022536933e-002
 329    1.233749985695e+000  8.283474579453e-002
 330    1.237499952316e+000  8.244503334165e-002
 331    1.241250038147e+000  8.206119839102e-002
 332    1.245000004768e+000  8.168319322169e-002
 333    1.248749971390e+000  8.131082642823e-002
 334    1.252500057220e+000  8.094375438988e-002
 335    1.256250023842e+000  8.058153785765e-002
 336    1.259999990463e+000  8.022361576557e-002
 337    1.263749957085e+000  7.986939497292e-002
 338    1.267500042915e+000  7.951821926981e-002
 339    1.271250009537e+000  7.916946019977e-002
 340    1.274999976158e+000  7.882251057774e-002
 341    1.278749942780e+000  7.847682412714e-002
 342    1.282500028610e+000  7.813195116818e-002
 343    1.286249995232e+000  7.778753645718e-002
 344    1.289999961853e+000  7.744336735457e-002
 345    1.293750047684e+000  7.709935449064e-002
 346    1.297500014305e+000  7.675554305315e-002
 347    1.301249980927e+000  7.641210846603e-002
 348    1.304999947548e+000  7.606937032193e-002
 349    1.308750033379e+000  7.572774853557e-002
 350    1.312500000000e+000  7.538775973022e-002
 351    1.316249966621e+000  7.504998240620e-002
 352    1.320000052452e+000  7.471506401896e-002
 353    1.323750019073e+000  7.438364349306e-002
 354    1.327499985695e+000  7.405635662377e-002
 355    1.331249952316e+000  7.373378586024e-002
 356    1.335000038147e+000  7.341644167900e-002
 357    1.338750004768e+000  7.310470804572e-002
 358    1.342499971390e+000  7.279886439443e-002
 359    1.346250057220e+000  7.249900069088e-002
 360    1.350000023842e+000  7.220506705344e-002
 361    1.353749990463e+000  7.191682148725e-002
 362    1.357499957085e+000  7.163386400789e-002
 363    1.361250042915e+000  7.135563820601e-002
 364    1.365000009537e+000  7.108144037426e-002
 365    1.368749976158e+000  7.081047825515e-002
 366    1.372499942780e+000  7.054185386747e-002
 367    1.376250028610e+000  7.027464628220e-002
 368    1.379999995232e+000  7.000790741295e-002
 369    1.383749961853e+000  6.974073830992e-002
 370    1.387500047684e+000  6.947227690369e-002
 371    1.391250014305e+000  6.920174330473e-002
 372    1.394999980927e+000  6.892845649272e-002
 373    1.398749947548e+000  6.865183949471e-002
 374    1.402500033379e+000  6.837144136429e-002
 375    1.406250000000e+000  6.808689381927e-002
 376    1.409999966621e+000  6.779795460403e-002
 377    1.413750052452e+000  6.750445500016e-002
 378    1.417500019073e+000  6.720631916076e-002
 379    1.421249985695e+000  6.690352603793e-002
 380    1.424999952316e+000  6.659610792994e-002
 381    1.428750038147e+000  6.628414340317e-002
 382    1.432500004768e+000  6.596775740385e-002
 383    1.436249971390e+000  6.564710456878e-002
 384    1.440000057220e+000  6.532238267362e-002
 385    1.443750023842e+000  6.499384224415e-002
 386    1.447499990463e+000  6.466177105904e-002
 387    1.451249957085e+000  6.432652406394e-002
 388    1.455000042915e+000  6.398852072656e-002
 389    1.458750009537e+000  6.364825200289e-002
 390    1.462499976158e+000  6.330627072603e-002
 391    1.466249942780e+000  6.296319749206e-002
 392    1.470000028610e+000  6.261970762163e-002
 393    1.473749995232e+000  6.227651884779e-002
 394    1.477499961853e+000  6.193437881768e-002
 395    1.481250047684e+000  6.159403223544e-002
 396    1.485000014305e+000  6.125621154904e-002
 397    1.488749980927e+000  6.092160169035e-002
 398    1.492499947548e+000  6.059083154425e-002
 399    1.496250033379e+000  6.026444084942e-002
 400    1.500000000000e+000  5.994288019836e-002
