0    0.000000000000e+000  0.000000000000e+000
 1    3.749999916181e-003  7.447482098542e-006
 2    7.499999832362e-003  2.966831093545e-005
 3    1.125000044703e-002  6.649071601714e-005
 4    1.499999966472e-002  1.177464075590e-004
 5    1.875000074506e-002  1.832711395400e-004
 6    2.250000089407e-002  2.629040530883e-004
 7    2.624999918044e-002  3.564854778233e-004
 8    2.999999932945e-002  4.638533442630e-004
 9    3.375000134110e-002  5.848392040934e-004
 10    3.750000149012e-002  7.192651330843e-004
 11    4.125000163913e-002  8.669428763096e-004
 12    4.500000178814e-002  1.027676584781e-003
 13    4.874999821186e-002  1.201269630692e-003
 14    5.249999836087e-002  1.387534011737e-003
 15    5.624999850988e-002  1.586302397191e-003
 16    5.999999865890e-002  1.797438142821e-003
 17    6.374999880791e-002  2.020841829944e-003
 18    6.750000268221e-002  2.256449868437e-003
 19    7.124999910593e-002  2.504225552548e-003
 20    7.500000298023e-002  2.764140270883e-003
 21    7.874999940395e-002  3.036148345564e-003
 22    8.250000327826e-002  3.320158491842e-003
 23    8.624999970198e-002  3.616009722464e-003
 24    9.000000357628e-002  3.923454973847e-003
 25    9.375000000000e-002  4.242162725423e-003
 26    9.749999642372e-002  4.571734538767e-003
 27    1.012500002980e-001  4.911747365259e-003
 28    1.049999967217e-001  5.261809888761e-003
 29    1.087500005960e-001  5.621628249064e-003
 30    1.124999970198e-001  5.991074242629e-003
 31    1.162500008941e-001  6.370233693160e-003
 32    1.199999973178e-001  6.759432074614e-003
 33    1.237500011921e-001  7.159216706641e-003
 34    1.274999976158e-001  7.570297275670e-003
 35    1.312499940395e-001  7.993438499980e-003
 36    1.350000053644e-001  8.429314168170e-003
 37    1.387500017881e-001  8.878348655999e-003
 38    1.424999982119e-001  9.340543532744e-003
 39    1.462499946356e-001  9.815346747637e-003
 40    1.500000059605e-001  1.030156386085e-002
 41    1.537500023842e-001  1.079735069070e-002
 42    1.574999988079e-001  1.130029466003e-002
 43    1.612499952316e-001  1.180759240873e-002
 44    1.650000065565e-001  1.231630704831e-002
 45    1.687500029802e-001  1.282370297238e-002
 46    1.724999994040e-001  1.332759285811e-002
 47    1.762499958277e-001  1.382668771315e-002
 48    1.800000071526e-001  1.432088211179e-002
 49    1.837500035763e-001  1.481144344900e-002
 50    1.875000000000e-001  1.530107175466e-002
 51    1.912499964237e-001  1.579379795119e-002
 52    1.949999928474e-001  1.629473710433e-002
 53    1.987500041723e-001  1.680969296955e-002
 54    2.025000005960e-001  1.734467038885e-002
 55    2.062499970198e-001  1.790530257858e-002
 56    2.099999934435e-001  1.849630854093e-002
 57    2.137500047684e-001  1.912098921835e-002
 58    2.175000011921e-001  1.978083855473e-002
 59    2.212499976158e-001  2.047531552613e-002
 60    2.249999940395e-001  2.120179456659e-002
 61    2.287500053644e-001  2.195569939911e-002
 62    2.325000017881e-001  2.273081889376e-002
 63    2.362499982119e-001  2.351974749938e-002
 64    2.399999946356e-001  2.431442763656e-002
 65    2.437500059605e-001  2.510672293603e-002
 66    2.475000023842e-001  2.588896111585e-002
 67    2.512499988079e-001  2.665441544726e-002
 68    2.549999952316e-001  2.739766419865e-002
 69    2.587499916553e-001  2.811481421813e-002
 70    2.624999880791e-001  2.880359552801e-002
 71    2.662500143051e-001  2.946330638602e-002
 72    2.700000107288e-001  3.009468242526e-002
 73    2.737500071526e-001  3.069967536256e-002
 74    2.775000035763e-001  3.128123166971e-002
 75    2.812500000000e-001  3.184307036921e-002
 76    2.849999964237e-001  3.238950598985e-002
 77    2.887499928474e-001  3.292536035180e-002
 78    2.924999892712e-001  3.345592290163e-002
 79    2.962499856949e-001  3.398699030280e-002
 80    3.000000119209e-001  3.452498208731e-002
 81    3.037500083447e-001  3.507704801857e-002
 82    3.075000047684e-001  3.565122416243e-002
 83    3.112500011921e-001  3.625652985647e-002
 84    3.149999976158e-001  3.690304726362e-002
 85    3.187499940395e-001  3.760193221271e-002
 86    3.224999904633e-001  3.836536107585e-002
 87    3.262499868870e-001  3.920644178987e-002
 88    3.300000131130e-001  4.013901785016e-002
 89    3.337500095367e-001  4.117750389501e-002
 90    3.375000059605e-001  4.233664579690e-002
 91    3.412500023842e-001  4.363126903772e-002
 92    3.449999988079e-001  4.507606744766e-002
 93    3.487499952316e-001  4.668531175703e-002
 94    3.524999916553e-001  4.847262986004e-002
 95    3.562499880791e-001  5.045071277767e-002
 96    3.600000143051e-001  5.263103269041e-002
 97    3.637500107288e-001  5.502353165299e-002
 98    3.675000071526e-001  5.763625811785e-002
 99    3.712500035763e-001  6.047501895577e-002
 100    3.750000000000e-001  6.354298744351e-002
 101    3.787499964237e-001  6.684031210840e-002
 102    3.824999928474e-001  7.036380100995e-002
 103    3.862499892712e-001  7.410663511604e-002
 104    3.899999856949e-001  7.805818643421e-002
 105    3.937500119209e-001  8.220395412296e-002
 106    3.975000083447e-001  8.652566760778e-002
 107    4.012500047684e-001  9.100154310465e-002
 108    4.050000011921e-001  9.560666389763e-002
 109    4.087499976158e-001  1.003135875612e-001
 110    4.124999940395e-001  1.050930462778e-001
 111    4.162499904633e-001  1.099147436395e-001
 112    4.199999868870e-001  1.147482364997e-001
 113    4.237500131130e-001  1.195638579130e-001
 114    4.275000095367e-001  1.243336162716e-001
 115    4.312500059605e-001  1.290320035070e-001
 116    4.350000023842e-001  1.336367416382e-001
 117    4.387499988079e-001  1.381294588000e-001
 118    4.424999952316e-001  1.424960292131e-001
 119    4.462499916553e-001  1.467269284278e-001
 120    4.499999880791e-001  1.508173289150e-001
 121    4.537500143051e-001  1.547669928521e-001
 122    4.575000107288e-001  1.585799575597e-001
 123    4.612500071526e-001  1.622641615570e-001
 124    4.650000035763e-001  1.658308000863e-001
 125    4.687500000000e-001  1.692937055975e-001
 126    4.724999964237e-001  1.726684745401e-001
 127    4.762499928474e-001  1.759717570245e-001
 128    4.799999892712e-001  1.792204646021e-001
 129    4.837499856949e-001  1.824310253561e-001
 130    4.875000119209e-001  1.856188211590e-001
 131    4.912500083447e-001  1.887977051735e-001
 132    4.950000047684e-001  1.919797560573e-001
 133    4.987500011921e-001  1.951751335710e-001
 134    5.024999976158e-001  1.983922494203e-001
 135    5.062500238419e-001  2.016379717737e-001
 136    5.099999904633e-001  2.049181046337e-001
 137    5.137500166893e-001  2.082378626615e-001
 138    5.174999833107e-001  2.116024582088e-001
 139    5.212500095367e-001  2.150176585466e-001
 140    5.249999761581e-001  2.184902383387e-001
 141    5.287500023842e-001  2.220283871889e-001
 142    5.325000286102e-001  2.256419134140e-001
 143    5.362499952316e-001  2.293422361463e-001
 144    5.400000214577e-001  2.331422738731e-001
 145    5.437499880791e-001  2.370560285449e-001
 146    5.475000143051e-001  2.410981559753e-001
 147    5.512499809265e-001  2.452832527459e-001
 148    5.550000071526e-001  2.496252346039e-001
 149    5.587499737740e-001  2.541366051137e-001
 150    5.625000000000e-001  2.588278491795e-001
 151    5.662500262260e-001  2.637068256736e-001
 152    5.699999928474e-001  2.687784002721e-001
 153    5.737500190735e-001  2.740442316234e-001
 154    5.774999856949e-001  2.795026776195e-001
 155    5.812500119209e-001  2.851490025222e-001
 156    5.849999785423e-001  2.909755229950e-001
 157    5.887500047684e-001  2.969721208513e-001
 158    5.924999713898e-001  3.031265938282e-001
 159    5.962499976158e-001  3.094252821803e-001
 160    6.000000238419e-001  3.158533574641e-001
 161    6.037499904633e-001  3.223953184485e-001
 162    6.075000166893e-001  3.290352520347e-001
 163    6.112499833107e-001  3.357568937540e-001
 164    6.150000095367e-001  3.425439007580e-001
 165    6.187499761581e-001  3.493795855343e-001
 166    6.225000023842e-001  3.562468554080e-001
 167    6.262500286102e-001  3.631281125546e-001
 168    6.299999952316e-001  3.700050017238e-001
 169    6.337500214577e-001  3.768584164977e-001
 170    6.374999880791e-001  3.836683686078e-001
 171    6.412500143051e-001  3.904142661393e-001
 172    6.449999809265e-001  3.970750048757e-001
 173    6.487500071526e-001  4.036294320226e-001
 174    6.524999737740e-001  4.100569146872e-001
 175    6.562500000000e-001  4.163377800584e-001
 176    6.600000262260e-001  4.224539795518e-001
 177    6.637499928474e-001  4.283897216618e-001
 178    6.675000190735e-001  4.341318564117e-001
 179    6.712499856949e-001  4.396703986824e-001
 180    6.750000119209e-001  4.449985560775e-001
 181    6.787499785423e-001  4.501128952205e-001
 182    6.825000047684e-001  4.550129976869e-001
 183    6.862499713898e-001  4.597012077272e-001
 184    6.899999976158e-001  4.641819864511e-001
 185    6.937500238419e-001  4.684612409770e-001
 186    6.974999904633e-001  4.725456166267e-001
 187    7.012500166893e-001  4.764418241382e-001
 188    7.049999833107e-001  4.801557074487e-001
 189    7.087500095367e-001  4.836918784678e-001
 190    7.124999761581e-001  4.870531293750e-001
 191    7.162500023842e-001  4.902400505543e-001
 192    7.200000286102e-001  4.932510599494e-001
 193    7.237499952316e-001  4.960821281374e-001
 194    7.275000214577e-001  4.987271459401e-001
 195    7.312499880791e-001  5.011781743169e-001
 196    7.350000143051e-001  5.034256692231e-001
 197    7.387499809265e-001  5.054588876665e-001
 198    7.425000071526e-001  5.072664283216e-001
 199    7.462499737740e-001  5.088365395367e-001
 200    7.500000000000e-001  5.101575081050e-001
 201    7.537500262260e-001  5.112180292606e-001
 202    7.574999928474e-001  5.120074883103e-001
 203    7.612500190735e-001  5.125162494183e-001
 204    7.649999856949e-001  5.127358497679e-001
 205    7.687500119209e-001  5.126592729986e-001
 206    7.724999785423e-001  5.122810602188e-001
 207    7.762500047684e-001  5.115974935889e-001
 208    7.799999713898e-001  5.106068140268e-001
 209    7.837499976158e-001  5.093093000352e-001
 210    7.875000238419e-001  5.077074854076e-001
 211    7.912499904633e-001  5.058061890304e-001
 212    7.950000166893e-001  5.036126513779e-001
 213    7.987499833107e-001  5.011364614964e-001
 214    8.025000095367e-001  4.983895997703e-001
 215    8.062499761581e-001  4.953863269091e-001
 216    8.100000023842e-001  4.921428778768e-001
 217    8.137500286102e-001  4.886772657931e-001
 218    8.174999952316e-001  4.850087475777e-001
 219    8.212500214577e-001  4.811575999856e-001
 220    8.249999880791e-001  4.771443910897e-001
 221    8.287500143051e-001  4.729895468056e-001
 222    8.324999809265e-001  4.687126632035e-001
 223    8.362500071526e-001  4.643321138620e-001
 224    8.399999737740e-001  4.598643083870e-001
 225    8.437500000000e-001  4.553234986961e-001
 226    8.475000262260e-001  4.507212470472e-001
 227    8.512499928474e-001  4.460663217306e-001
 228    8.550000190735e-001  4.413644793630e-001
 229    8.587499856949e-001  4.366185826063e-001
 230    8.625000119209e-001  4.318288438022e-001
 231    8.662499785423e-001  4.269928465784e-001
 232    8.700000047684e-001  4.221061825752e-001
 233    8.737499713898e-001  4.171626628935e-001
 234    8.774999976158e-001  4.121549826860e-001
 235    8.812500238419e-001  4.070750157535e-001
 236    8.849999904633e-001  4.019144320488e-001
 237    8.887500166893e-001  3.966649942100e-001
 238    8.924999833107e-001  3.913190510869e-001
 239    8.962500095367e-001  3.858697982132e-001
 240    8.999999761581e-001  3.803115656972e-001
 241    9.037500023842e-001  3.746399441361e-001
 242    9.075000286102e-001  3.688520513475e-001
 243    9.112499952316e-001  3.629465386271e-001
 244    9.150000214577e-001  3.569236373901e-001
 245    9.187499880791e-001  3.507852528989e-001
 246    9.225000143051e-001  3.445349536836e-001
 247    9.262499809265e-001  3.381778985262e-001
 248    9.300000071526e-001  3.317208234966e-001
 249    9.337499737740e-001  3.251719823480e-001
 250    9.375000000000e-001  3.185410052538e-001
 251    9.412500262260e-001  3.118386960030e-001
 252    9.449999928474e-001  3.050769998133e-001
 253    9.487500190735e-001  2.982685804367e-001
 254    9.524999856949e-001  2.914266899228e-001
 255    9.562500119209e-001  2.845647688210e-001
 256    9.599999785423e-001  2.776961582899e-001
 257    9.637500047684e-001  2.708338434994e-001
 258    9.674999713898e-001  2.639900009334e-001
 259    9.712499976158e-001  2.571758700907e-001
 260    9.750000238419e-001  2.504014401138e-001
 261    9.787499904633e-001  2.436752378941e-001
 262    9.825000166893e-001  2.370044015348e-001
 263    9.862499833107e-001  2.303945232183e-001
 264    9.900000095367e-001  2.238497587293e-001
 265    9.937499761581e-001  2.173729922622e-001
 266    9.975000023842e-001  2.109660396725e-001
 267    1.001250028610e+000  2.046298485994e-001
 268    1.004999995232e+000  1.983648843318e-001
 269    1.008749961853e+000  1.921713085473e-001
 270    1.012500047684e+000  1.860493767262e-001
 271    1.016250014305e+000  1.799995835125e-001
 272    1.019999980927e+000  1.740229652077e-001
 273    1.023749947548e+000  1.681212297827e-001
 274    1.027500033379e+000  1.622968231887e-001
 275    1.031250000000e+000  1.565530091524e-001
 276    1.034999966621e+000  1.508937932551e-001
 277    1.038750052452e+000  1.453238669783e-001
 278    1.042500019073e+000  1.398483832926e-001
 279    1.046249985695e+000  1.344728302956e-001
 280    1.049999952316e+000  1.292027597129e-001
 281    1.053750038147e+000  1.240435250103e-001
 282    1.057500004768e+000  1.190000233427e-001
 283    1.061249971390e+000  1.140764731914e-001
 284    1.065000057220e+000  1.092761429772e-001
 285    1.068750023842e+000  1.046011492237e-001
 286    1.072499990463e+000  1.000523363054e-001
 287    1.076249957085e+000  9.562914296985e-002
 288    1.080000042915e+000  9.132955692708e-002
 289    1.083750009537e+000  8.715016398579e-002
 290    1.087499976158e+000  8.308620415628e-002
 291    1.091249942780e+000  7.913171689957e-002
 292    1.095000028610e+000  7.527975581586e-002
 293    1.098749995232e+000  7.152259156108e-002
 294    1.102499961853e+000  6.785202048719e-002
 295    1.106250047684e+000  6.425960384309e-002
 296    1.110000014305e+000  6.073698926717e-002
 297    1.113749980927e+000  5.727614266798e-002
 298    1.117499947548e+000  5.386960892007e-002
 299    1.121250033379e+000  5.051069803536e-002
 300    1.125000000000e+000  4.719363629818e-002
 301    1.128749966621e+000  4.391365511343e-002
 302    1.132500052452e+000  4.066704327241e-002
 303    1.136250019073e+000  3.745114184916e-002
 304    1.139999985695e+000  3.426429368556e-002
 305    1.143749952316e+000  3.110577503219e-002
 306    1.147500038147e+000  2.797571604140e-002
 307    1.151250004768e+000  2.487498125993e-002
 308    1.154999971390e+000  2.180510303006e-002
 309    1.158750057220e+000  1.876819777302e-002
 310    1.162500023842e+000  1.576691047288e-002
 311    1.166249990463e+000  1.280437498353e-002
 312    1.169999957085e+000  9.884200929664e-003
 313    1.173750042915e+000  7.010461012833e-003
 314    1.177500009537e+000  4.187694629654e-003
 315    1.181249976158e+000  1.420890468871e-003
 316    1.184999942780e+000 -1.284535561408e-003
 317    1.188750028610e+000 -3.922798244166e-003
 318    1.192499995232e+000 -6.487828487589e-003
 319    1.196249961853e+000 -8.973398293019e-003
 320    1.200000047684e+000 -1.137328502839e-002
 321    1.203750014305e+000 -1.368146582041e-002
 322    1.207499980927e+000 -1.589233952574e-002
 323    1.211249947548e+000 -1.800096315332e-002
 324    1.215000033379e+000 -2.000329235103e-002
 325    1.218750000000e+000 -2.189640801400e-002
 326    1.222499966621e+000 -2.367871348746e-002
 327    1.226250052452e+000 -2.535009049810e-002
 328    1.230000019073e+000 -2.691201435402e-002
 329    1.233749985695e+000 -2.836759054102e-002
 330    1.237499952316e+000 -2.972154727206e-002
 331    1.241250038147e+000 -3.098014877178e-002
 332    1.245000004768e+000 -3.215104203671e-002
 333    1.248749971390e+000 -3.324306731112e-002
 334    1.252500057220e+000 -3.426600213163e-002
 335    1.256250023842e+000 -3.523027107120e-002
 336    1.259999990463e+000 -3.614665140398e-002
 337    1.263749957085e+000 -3.702594786882e-002
 338    1.267500042915e+000 -3.787869542837e-002
 339    1.271250009537e+000 -3.871485149488e-002
 340    1.274999976158e+000 -3.954355891794e-002
 341    1.278749942780e+000 -4.037291469052e-002
 342    1.282500028610e+000 -4.120981046930e-002
 343    1.286249995232e+000 -4.205981863663e-002
 344    1.289999961853e+000 -4.292711302638e-002
 345    1.293750047684e+000 -4.381449189037e-002
 346    1.297500014305e+000 -4.472339270636e-002
 347    1.301249980927e+000 -4.565398128703e-002
 348    1.304999947548e+000 -4.660527279601e-002
 349    1.308750033379e+000 -4.757526081055e-002
 350    1.312500000000e+000 -4.856106314808e-002
 351    1.316249966621e+000 -4.955907627940e-002
 352    1.320000052452e+000 -5.056511364877e-002
 353    1.323750019073e+000 -5.157452194020e-002
 354    1.327499985695e+000 -5.258230347186e-002
 355    1.331249952316e+000 -5.358316356316e-002
 356    1.335000038147e+000 -5.457159519196e-002
 357    1.338750004768e+000 -5.554188905284e-002
 358    1.342499971390e+000 -5.648815777153e-002
 359    1.346250057220e+000 -5.740433922037e-002
 360    1.350000023842e+000 -5.828420402482e-002
 361    1.353749990463e+000 -5.912135273218e-002
 362    1.357499957085e+000 -5.990924432874e-002
 363    1.361250042915e+000 -6.064123682678e-002
 364    1.365000009537e+000 -6.131064243615e-002
 365    1.368749976158e+000 -6.191080538556e-002
 366    1.372499942780e+000 -6.243522183970e-002
 367    1.376250028610e+000 -6.287765417248e-002
 368    1.379999995232e+000 -6.323227996007e-002
 369    1.383749961853e+000 -6.349384181201e-002
 370    1.387500047684e+000 -6.365779018030e-002
 371    1.391250014305e+000 -6.372044857591e-002
 372    1.394999980927e+000 -6.367912448943e-002
 373    1.398749947548e+000 -6.353226806968e-002
 374    1.402500033379e+000 -6.327953187749e-002
 375    1.406250000000e+000 -6.292186206207e-002
 376    1.409999966621e+000 -6.246154809371e-002
 377    1.413750052452e+000 -6.190222937614e-002
 378    1.417500019073e+000 -6.124889194965e-002
 379    1.421249985695e+000 -6.050781570375e-002
 380    1.424999952316e+000 -5.968652633950e-002
 381    1.428750038147e+000 -5.879368029535e-002
 382    1.432500004768e+000 -5.783894535154e-002
 383    1.436249971390e+000 -5.683284519240e-002
 384    1.440000057220e+000 -5.578658763319e-002
 385    1.443750023842e+000 -5.471184724942e-002
 386    1.447499990463e+000 -5.362053299323e-002
 387    1.451249957085e+000 -5.252454120666e-002
 388    1.455000042915e+000 -5.143547121435e-002
 389    1.458750009537e+000 -5.036434974521e-002
 390    1.462499976158e+000 -4.932133300230e-002
 391    1.466249942780e+000 -4.831540735438e-002
 392    1.470000028610e+000 -4.735414858907e-002
 393    1.473749995232e+000 -4.644344639033e-002
 394    1.477499961853e+000 -4.558731921017e-002
 395    1.481250047684e+000 -4.478775016963e-002
 396    1.485000014305e+000 -4.404459701851e-002
 397    1.488749980927e+000 -4.335557177663e-002
 398    1.492499947548e+000 -4.271629197523e-002
 399    1.496250033379e+000 -4.212040193379e-002
 400    1.500000000000e+000 -4.155978852883e-002