 3
X
Y
Comp 11 of Cauchy Stress Node 2702 : Time
 401
 0    0.000000000000e+000  0.000000000000e+000
 1    3.749999916181e-003  6.361073728840e-006
 2    7.499999832362e-003  2.316019510545e-005
 3    1.125000044703e-002  4.765904452142e-005
 4    1.499999966472e-002  7.767540155328e-005
 5    1.875000074506e-002  1.114784375750e-004
 6    2.250000089407e-002  1.477026812063e-004
 7    2.624999918044e-002  1.852768947720e-004
 8    2.999999932945e-002  2.233650550625e-004
 9    3.375000134110e-002  2.613178867614e-004
 10    3.750000149012e-002  2.986339543713e-004
 11    4.125000163913e-002  3.349295664520e-004
 12    4.500000178814e-002  3.699168535240e-004
 13    4.874999821186e-002  4.033890286519e-004
 14    5.249999836087e-002  4.352108255262e-004
 15    5.624999850988e-002  4.653122565651e-004
 16    5.999999865890e-002  4.936829814687e-004
 17    6.374999880791e-002  5.203648502356e-004
 18    6.750000268221e-002  5.454411270330e-004
 19    7.124999910593e-002  5.690208176384e-004
 20    7.500000298023e-002  5.912195763085e-004
 21    7.874999940395e-002  6.121382059064e-004
 22    8.250000327826e-002  6.318430224201e-004
 23    8.624999970198e-002  6.503500440158e-004
 24    9.000000357628e-002  6.676194080501e-004
 25    9.375000000000e-002  6.835602174397e-004
 26    9.749999642372e-002  6.980492465664e-004
 27    1.012500002980e-001  7.109610157204e-004
 28    1.049999967217e-001  7.222065227688e-004
 29    1.087500005960e-001  7.317749166396e-004
 30    1.124999970198e-001  7.397701908485e-004
 31    1.162500008941e-001  7.464352119132e-004
 32    1.199999973178e-001  7.521571262623e-004
 33    1.237500011921e-001  7.574471042608e-004
 34    1.274999976158e-001  7.628951341030e-004
 35    1.312499940395e-001  7.691012075520e-004
 36    1.350000053644e-001  7.765898914658e-004
 37    1.387500017881e-001  7.857195357792e-004
 38    1.424999982119e-001  7.965986832278e-004
 39    1.462499946356e-001  8.090239984449e-004
 40    1.500000059605e-001  8.224525340484e-004
 41    1.537500023842e-001  8.360172761604e-004
 42    1.574999988079e-001  8.485908081639e-004
 43    1.612499952316e-001  8.588942070492e-004
 44    1.650000065565e-001  8.656430029077e-004
 45    1.687500029802e-001  8.677146228729e-004
 46    1.724999994040e-001  8.643179849605e-004
 47    1.762499958277e-001  8.551436374546e-004
 48    1.800000071526e-001  8.404724515276e-004
 49    1.837500035763e-001  8.212256871047e-004
 50    1.875000000000e-001  7.989439833909e-004
 51    1.912499964237e-001  7.756920871907e-004
 52    1.949999928474e-001  7.538939584629e-004
 53    1.987500041723e-001  7.361124566523e-004
 54    2.025000005960e-001  7.247952074977e-004
 55    2.062499970198e-001  7.220135620446e-004
 56    2.099999934435e-001  7.292224920820e-004
 57    2.137500047684e-001  7.470695825759e-004
 58    2.175000011921e-001  7.752753296518e-004
 59    2.212499976158e-001  8.125989040127e-004
 60    2.249999940395e-001  8.568965375889e-004
 61    2.287500053644e-001  9.052661663736e-004
 62    2.325000017881e-001  9.542657187558e-004
 63    2.362499982119e-001  1.000182552380e-003
 64    2.399999946356e-001  1.039327273320e-003
 65    2.437500059605e-001  1.068323121872e-003
 66    2.475000023842e-001  1.084364298440e-003
 67    2.512499988079e-001  1.085419695592e-003
 68    2.549999952316e-001  1.070367325156e-003
 69    2.587499916553e-001  1.039051551779e-003
 70    2.624999880791e-001  9.922643032041e-004
 71    2.662500143051e-001  9.316608731751e-004
 72    2.700000107288e-001  8.596232914715e-004
 73    2.737500071526e-001  7.790924963774e-004
 74    2.775000035763e-001  6.933886659681e-004
 75    2.812500000000e-001  6.060376908863e-004
 76    2.849999964237e-001  5.206205145805e-004
 77    2.887499928474e-001  4.406540046330e-004
 78    2.924999892712e-001  3.695084346691e-004
 79    2.962499856949e-001  3.103602022748e-004
 80    3.000000119209e-001  2.661742680357e-004
 81    3.037500083447e-001  2.397076939815e-004
 82    3.075000047684e-001  2.335239303648e-004
 83    3.112500011921e-001  2.500094458810e-004
 84    3.149999976158e-001  2.913832472404e-004
 85    3.187499940395e-001  3.596970281797e-004
 86    3.224999904633e-001  4.568221193040e-004
 87    3.262499868870e-001  5.844269093359e-004
 88    3.300000131130e-001  7.439474191051e-004
 89    3.337500095367e-001  9.365568135399e-004
 90    3.375000059605e-001  1.163140050485e-003
 91    3.412500023842e-001  1.424276514445e-003
 92    3.449999988079e-001  1.720235410612e-003
 93    3.487499952316e-001  2.050982379587e-003
 94    3.524999916553e-001  2.416196495760e-003
 95    3.562499880791e-001  2.815294307657e-003
 96    3.600000143051e-001  3.247454419034e-003
 97    3.637500107288e-001  3.711640031543e-003
 98    3.675000071526e-001  4.206613772549e-003
 99    3.712500035763e-001  4.730940638110e-003
 100    3.750000000000e-001  5.282982557546e-003
 101    3.787499964237e-001  5.860883423593e-003
 102    3.824999928474e-001  6.462549453136e-003
 103    3.862499892712e-001  7.085627431516e-003
 104    3.899999856949e-001  7.727494747378e-003
 105    3.937500119209e-001  8.385254787281e-003
 106    3.975000083447e-001  9.055753978901e-003
 107    4.012500047684e-001  9.735618829727e-003
 108    4.050000011921e-001  1.042131035589e-002
 109    4.087499976158e-001  1.110919759609e-002
 110    4.124999940395e-001  1.179564979393e-002
 111    4.162499904633e-001  1.247713560704e-002
 112    4.199999868870e-001  1.315032138489e-002
 113    4.237500131130e-001  1.381217764691e-002
 114    4.275000095367e-001  1.446006147191e-002
 115    4.312500059605e-001  1.509179454762e-002
 116    4.350000023842e-001  1.570571651682e-002
 117    4.387499988079e-001  1.630072126165e-002
 118    4.424999952316e-001  1.687626408413e-002
 119    4.462499916553e-001  1.743236002512e-002
 120    4.499999880791e-001  1.796954641119e-002
 121    4.537500143051e-001  1.848884194158e-002
 122    4.575000107288e-001  1.899168700911e-002
 123    4.612500071526e-001  1.947985929437e-002
 124    4.650000035763e-001  1.995540293865e-002
 125    4.687500000000e-001  2.042052903213e-002
 126    4.724999964237e-001  2.087752478197e-002
 127    4.762499928474e-001  2.132865985855e-002
 128    4.799999892712e-001  2.177609141916e-002
 129    4.837499856949e-001  2.222178562544e-002
 130    4.875000119209e-001  2.266743144020e-002
 131    4.912500083447e-001  2.311438989826e-002
 132    4.950000047684e-001  2.356364671141e-002
 133    4.987500011921e-001  2.401578995399e-002
 134    5.024999976158e-001  2.447101859376e-002
 135    5.062500238419e-001  2.492915342562e-002
 136    5.099999904633e-001  2.538968912326e-002
 137    5.137500166893e-001  2.585185565986e-002
 138    5.174999833107e-001  2.631468720734e-002
 139    5.212500095367e-001  2.677710773423e-002
 140    5.249999761581e-001  2.723800900392e-002
 141    5.287500023842e-001  2.769631535746e-002
 142    5.325000286102e-001  2.815105489455e-002
 143    5.362499952316e-001  2.860138593242e-002
 144    5.400000214577e-001  2.904662598856e-002
 145    5.437499880791e-001  2.948623667471e-002
 146    5.475000143051e-001  2.991980672814e-002
 147    5.512499809265e-001  3.034700777382e-002
 148    5.550000071526e-001  3.076754540205e-002
 149    5.587499737740e-001  3.118110423908e-002
 150    5.625000000000e-001  3.158729968593e-002
 151    5.662500262260e-001  3.198563674465e-002
 152    5.699999928474e-001  3.237548857927e-002
 153    5.737500190735e-001  3.275610426441e-002
 154    5.774999856949e-001  3.312661407515e-002
 155    5.812500119209e-001  3.348609682173e-002
 156    5.849999785423e-001  3.383361559361e-002
 157    5.887500047684e-001  3.416830226779e-002
 158    5.924999713898e-001  3.448943596333e-002
 159    5.962499976158e-001  3.479650087655e-002
 160    6.000000238419e-001  3.508924767375e-002
 161    6.037499904633e-001  3.536773817614e-002
 162    6.075000166893e-001  3.563234619796e-002
 163    6.112499833107e-001  3.588375298306e-002
 164    6.150000095367e-001  3.612289464101e-002
 165    6.187499761581e-001  3.635090550408e-002
 166    6.225000023842e-001  3.656902087852e-002
 167    6.262500286102e-001  3.677849823609e-002
 168    6.299999952316e-001  3.698050795123e-002
 169    6.337500214577e-001  3.717605978251e-002
 170    6.374999880791e-001  3.736591637135e-002
 171    6.412500143051e-001  3.755055522546e-002
 172    6.449999809265e-001  3.773015165702e-002
 173    6.487500071526e-001  3.790457343683e-002
 174    6.524999737740e-001  3.807342326269e-002
 175    6.562500000000e-001  3.823610369116e-002
 176    6.600000262260e-001  3.839187990874e-002
 177    6.637499928474e-001  3.853996502236e-002
 178    6.675000190735e-001  3.867960950360e-002
 179    6.712499856949e-001  3.881017602980e-002
 180    6.750000119209e-001  3.893118945882e-002
 181    6.787499785423e-001  3.904240224510e-002
 182    6.825000047684e-001  3.914379635826e-002
 183    6.862499713898e-001  3.923560569063e-002
 184    6.899999976158e-001  3.931828103960e-002
 185    6.937500238419e-001  3.939246956259e-002
 186    6.974999904633e-001  3.945897309110e-002
 187    7.012500166893e-001  3.951868506148e-002
 188    7.049999833107e-001  3.957255393267e-002
 189    7.087500095367e-001  3.962153483182e-002
 190    7.124999761581e-001  3.966653561220e-002
 191    7.162500023842e-001  3.970839090645e-002
 192    7.200000286102e-001  3.974783575162e-002
 193    7.237499952316e-001  3.978548204526e-002
 194    7.275000214577e-001  3.982180869207e-002
 195    7.312499880791e-001  3.985715223476e-002
 196    7.350000143051e-001  3.989170024171e-002
 197    7.387499809265e-001  3.992550993338e-002
 198    7.425000071526e-001  3.995848312974e-002
 199    7.462499737740e-001  3.999040601775e-002
 200    7.500000000000e-001  4.002093341202e-002
 201    7.537500262260e-001  4.004961945117e-002
 202    7.574999928474e-001  4.007593285292e-002
 203    7.612500190735e-001  4.009927367792e-002
 204    7.649999856949e-001  4.011901693419e-002
 205    7.687500119209e-001  4.013452747837e-002
 206    7.724999785423e-001  4.014520464465e-002
 207    7.762500047684e-001  4.015051053837e-002
 208    7.799999713898e-001  4.015000686049e-002
 209    7.837499976158e-001  4.014337820932e-002
 210    7.875000238419e-001  4.013047389686e-002
 211    7.912499904633e-001  4.011130535975e-002
 212    7.950000166893e-001  4.008607842028e-002
 213    7.987499833107e-001  4.005518049002e-002
 214    8.025000095367e-001  4.001917973161e-002
 215    8.062499761581e-001  3.997881202027e-002
 216    8.100000023842e-001  3.993494754657e-002
 217    8.137500286102e-001  3.988857453689e-002
 218    8.174999952316e-001  3.984073948115e-002
 219    8.212500214577e-001  3.979250520468e-002
 220    8.249999880791e-001  3.974491404369e-002
 221    8.287500143051e-001  3.969893312082e-002
 222    8.324999809265e-001  3.965539751574e-002
 223    8.362500071526e-001  3.961498461664e-002
 224    8.399999737740e-001  3.957815458998e-002
 225    8.437500000000e-001  3.954515337944e-002
 226    8.475000262260e-001  3.951597342268e-002
 227    8.512499928474e-001  3.949035154656e-002
 228    8.550000190735e-001  3.946778632700e-002
 229    8.587499856949e-001  3.944753250107e-002
 230    8.625000119209e-001  3.942864794284e-002
 231    8.662499785423e-001  3.941000357270e-002
 232    8.700000047684e-001  3.939031988382e-002
 233    8.737499713898e-001  3.936819445342e-002
 234    8.774999976158e-001  3.934214062989e-002
 235    8.812500238419e-001  3.931060537696e-002
 236    8.849999904633e-001  3.927199888974e-002
 237    8.887500166893e-001  3.922471856698e-002
 238    8.924999833107e-001  3.916716361418e-002
 239    8.962500095367e-001  3.909775936976e-002
 240    8.999999761581e-001  3.901497533545e-002
 241    9.037500023842e-001  3.891734788194e-002
 242    9.075000286102e-001  3.880351329222e-002
 243    9.112499952316e-001  3.867222512141e-002
 244    9.150000214577e-001  3.852239420637e-002
 245    9.187499880791e-001  3.835310734808e-002
 246    9.225000143051e-001  3.816366683692e-002
 247    9.262499809265e-001  3.795360643417e-002
 248    9.300000071526e-001  3.772270128131e-002
 249    9.337499737740e-001  3.747097961605e-002
 250    9.375000000000e-001  3.719873400405e-002
 251    9.412500262260e-001  3.690647725016e-002
 252    9.449999928474e-001  3.659495549276e-002
 253    9.487500190735e-001  3.626510092989e-002
 254    9.524999856949e-001  3.591801283881e-002
 255    9.562500119209e-001  3.555491786450e-002
 256    9.599999785423e-001  3.517714563757e-002
 257    9.637500047684e-001  3.478610191494e-002
 258    9.674999713898e-001  3.438323356211e-002
 259    9.712499976158e-001  3.397002890706e-002
 260    9.750000238419e-001  3.354799106717e-002
 261    9.787499904633e-001  3.311862809584e-002
 262    9.825000166893e-001  3.268345838413e-002
 263    9.862499833107e-001  3.224398909137e-002
 264    9.900000095367e-001  3.180171428248e-002
 265    9.937499761581e-001  3.135810801759e-002
 266    9.975000023842e-001  3.091460650787e-002
 267    1.001250028610e+000  3.047259634361e-002
 268    1.004999995232e+000  3.003340385854e-002
 269    1.008749961853e+000  2.959826665930e-002
 270    1.012500047684e+000  2.916833017021e-002
 271    1.016250014305e+000  2.874462492764e-002
 272    1.019999980927e+000  2.832806991413e-002
 273    1.023749947548e+000  2.791945988312e-002
 274    1.027500033379e+000  2.751947256736e-002
 275    1.031250000000e+000  2.712868177332e-002
 276    1.034999966621e+000  2.674756927416e-002
 277    1.038750052452e+000  2.637654793449e-002
 278    1.042500019073e+000  2.601598054171e-002
 279    1.046249985695e+000  2.566620866768e-002
 280    1.049999952316e+000  2.532756789587e-002
 281    1.053750038147e+000  2.500041482039e-002
 282    1.057500004768e+000  2.468513758853e-002
 283    1.061249971390e+000  2.438215938397e-002
 284    1.065000057220e+000  2.409194923937e-002
 285    1.068750023842e+000  2.381500641815e-002
 286    1.072499990463e+000  2.355185104534e-002
 287    1.076249957085e+000  2.330300956964e-002
 288    1.080000042915e+000  2.306898401119e-002
 289    1.083750009537e+000  2.285023342818e-002
 290    1.087499976158e+000  2.264714797027e-002
 291    1.091249942780e+000  2.246002163738e-002
 292    1.095000028610e+000  2.228903251700e-002
 293    1.098749995232e+000  2.213424023241e-002
 294    1.102499961853e+000  2.199556161650e-002
 295    1.106250047684e+000  2.187278809957e-002
 296    1.110000014305e+000  2.176558045670e-002
 297    1.113749980927e+000  2.167350034229e-002
 298    1.117499947548e+000  2.159602323547e-002
 299    1.121250033379e+000  2.153256433085e-002
 300    1.125000000000e+000  2.148251899518e-002
 301    1.128749966621e+000  2.144527721219e-002
 302    1.132500052452e+000  2.142026935704e-002
 303    1.136250019073e+000  2.140697394498e-002
 304    1.139999985695e+000  2.140494261868e-002
 305    1.143749952316e+000  2.141380639747e-002
 306    1.147500038147e+000  2.143328090198e-002
 307    1.151250004768e+000  2.146315806545e-002
 308    1.154999971390e+000  2.150329384953e-002
 309    1.158750057220e+000  2.155359181575e-002
 310    1.162500023842e+000  2.161397852935e-002
 311    1.166249990463e+000  2.168437808752e-002
 312    1.169999957085e+000  2.176469350234e-002
 313    1.173750042915e+000  2.185477801599e-002
 314    1.177500009537e+000  2.195442507043e-002
 315    1.181249976158e+000  2.206334770657e-002
 316    1.184999942780e+000  2.218117363751e-002
 317    1.188750028610e+000  2.230744443834e-002
 318    1.192499995232e+000  2.244162539952e-002
 319    1.196249961853e+000  2.258310913108e-002
 320    1.200000047684e+000  2.273124334402e-002
 321    1.203750014305e+000  2.288533896208e-002
 322    1.207499980927e+000  2.304470727220e-002
 323    1.211249947548e+000  2.320867124945e-002
 324    1.215000033379e+000  2.337660348974e-002
 325    1.218750000000e+000  2.354793314822e-002
 326    1.222499966621e+000  2.372217519209e-002
 327    1.226250052452e+000  2.389893947169e-002
 328    1.230000019073e+000  2.407793753780e-002
 329    1.233749985695e+000  2.425898210146e-002
 330    1.237499952316e+000  2.444199346006e-002
 331    1.241250038147e+000  2.462697745301e-002
 332    1.245000004768e+000  2.481401999481e-002
 333    1.248749971390e+000  2.500326626003e-002
 334    1.252500057220e+000  2.519490425475e-002
 335    1.256250023842e+000  2.538914093748e-002
 336    1.259999990463e+000  2.558618032373e-002
 337    1.263749957085e+000  2.578621201217e-002
 338    1.267500042915e+000  2.598937502131e-002
 339    1.271250009537e+000  2.619576313533e-002
 340    1.274999976158e+000  2.640539192595e-002
 341    1.278749942780e+000  2.661819824018e-002
 342    1.282500028610e+000  2.683403110132e-002
 343    1.286249995232e+000  2.705264396034e-002
 344    1.289999961853e+000  2.727370658889e-002
 345    1.293750047684e+000  2.749679598026e-002
 346    1.297500014305e+000  2.772142221220e-002
 347    1.301249980927e+000  2.794703072868e-002
 348    1.304999947548e+000  2.817302715033e-002
 349    1.308750033379e+000  2.839880007319e-002
 350    1.312500000000e+000  2.862374230288e-002
 351    1.316249966621e+000  2.884727284312e-002
 352    1.320000052452e+000  2.906887122430e-002
 353    1.323750019073e+000  2.928808774799e-002
 354    1.327499985695e+000  2.950457114726e-002
 355    1.331249952316e+000  2.971807708964e-002
 356    1.335000038147e+000  2.992848421447e-002
 357    1.338750004768e+000  3.013579212129e-002
 358    1.342499971390e+000  3.034012830816e-002
 359    1.346250057220e+000  3.054174003191e-002
 360    1.350000023842e+000  3.074098628946e-002
 361    1.353749990463e+000  3.093833073042e-002
 362    1.357499957085e+000  3.113433102146e-002
 363    1.361250042915e+000  3.132961947471e-002
 364    1.365000009537e+000  3.152490451932e-002
 365    1.368749976158e+000  3.172093868256e-002
 366    1.372499942780e+000  3.191853426397e-002
 367    1.376250028610e+000  3.211851870641e-002
 368    1.379999995232e+000  3.232174750417e-002
 369    1.383749961853e+000  3.252907615155e-002
 370    1.387500047684e+000  3.274135617539e-002
 371    1.391250014305e+000  3.295941194519e-002
 372    1.394999980927e+000  3.318402493373e-002
 373    1.398749947548e+000  3.341592518613e-002
 374    1.402500033379e+000  3.365576518700e-002
 375    1.406250000000e+000  3.390410466120e-002
 376    1.409999966621e+000  3.416140414774e-002
 377    1.413750052452e+000  3.442800607532e-002
 378    1.417500019073e+000  3.470412088558e-002
 379    1.421249985695e+000  3.498983820900e-002
 380    1.424999952316e+000  3.528510769829e-002
 381    1.428750038147e+000  3.558975206688e-002
 382    1.432500004768e+000  3.590347964317e-002
 383    1.436249971390e+000  3.622588437051e-002
 384    1.440000057220e+000  3.655646797270e-002
 385    1.443750023842e+000  3.689465112984e-002
 386    1.447499990463e+000  3.723980771378e-002
 387    1.451249957085e+000  3.759125962853e-002
 388    1.455000042915e+000  3.794830491766e-002
 389    1.458750009537e+000  3.831024359912e-002
 390    1.462499976158e+000  3.867636270821e-002
 391    1.466249942780e+000  3.904597107321e-002
 392    1.470000028610e+000  3.941838905215e-002
 393    1.473749995232e+000  3.979295339435e-002
 394    1.477499961853e+000  4.016901507974e-002
 395    1.481250047684e+000  4.054593103006e-002
 396    1.485000014305e+000  4.092306086794e-002
 397    1.488749980927e+000  4.129975706339e-002
 398    1.492499947548e+000  4.167535418645e-002
 399    1.496250033379e+000  4.204916175455e-002
 400    1.500000000000e+000  4.242046520114e-002
X
Y
Comp 22 of Cauchy Stress Node 2702 : Time
 401
 0    0.000000000000e+000  0.000000000000e+000
 1    3.749999916181e-003 -3.708921761927e-006
 2    7.499999832362e-003 -1.395117488300e-005
 3    1.125000044703e-002 -2.979450269777e-005
 4    1.499999966472e-002 -5.033421986809e-005
 5    1.875000074506e-002 -7.471580116544e-005
 6    2.250000089407e-002 -1.021493451117e-004
 7    2.624999918044e-002 -1.319183995656e-004
 8    2.999999932945e-002 -1.633847963240e-004
 9    3.375000134110e-002 -1.959902358067e-004
 10    3.750000149012e-002 -2.292548942933e-004
 11    4.125000163913e-002 -2.627731666144e-004
 12    4.500000178814e-002 -2.962065793690e-004
 13    4.874999821186e-002 -3.292743374186e-004
 14    5.249999836087e-002 -3.617423455580e-004
 15    5.624999850988e-002 -3.934122889768e-004
 16    5.999999865890e-002 -4.241121860105e-004
 17    6.374999880791e-002 -4.536902060499e-004
 18    6.750000268221e-002 -4.820128533174e-004
 19    7.124999910593e-002 -5.089682142716e-004
 20    7.500000298023e-002 -5.344733118545e-004
 21    7.874999940395e-002 -5.584846515558e-004
 22    8.250000327826e-002 -5.810080879019e-004
 23    8.624999970198e-002 -6.021064551896e-004
 24    9.000000357628e-002 -6.219007569598e-004
 25    9.375000000000e-002 -6.405620984151e-004
 26    9.749999642372e-002 -6.582949194126e-004
 27    1.012500002980e-001 -6.753100827336e-004
 28    1.049999967217e-001 -6.917916645762e-004
 29    1.087500005960e-001 -7.078617764637e-004
 30    1.124999970198e-001 -7.235485812998e-004
 31    1.162500008941e-001 -7.387644940172e-004
 32    1.199999973178e-001 -7.532997211092e-004
 33    1.237500011921e-001 -7.668355270289e-004
 34    1.274999976158e-001 -7.789785685600e-004
 35    1.312499940395e-001 -7.893143373076e-004
 36    1.350000053644e-001 -7.974748985725e-004
 37    1.387500017881e-001 -8.032124990132e-004
 38    1.424999982119e-001 -8.064681236283e-004
 39    1.462499946356e-001 -8.074249885976e-004
 40    1.500000059605e-001 -8.065350278048e-004
 41    1.537500023842e-001 -8.045120487805e-004
 42    1.574999988079e-001 -8.022862943471e-004
 43    1.612499952316e-001 -8.009225208662e-004
 44    1.650000065565e-001 -8.015073969727e-004
 45    1.687500029802e-001 -8.050175299286e-004
 46    1.724999994040e-001 -8.121839913656e-004
 47    1.762499958277e-001 -8.233694883529e-004
 48    1.800000071526e-001 -8.384766097879e-004
 49    1.837500035763e-001 -8.569004508900e-004
 50    1.875000000000e-001 -8.775368618080e-004
 51    1.912499964237e-001 -8.988495415542e-004
 52    1.949999928474e-001 -9.189935663017e-004
 53    1.987500041723e-001 -9.359839995159e-004
 54    2.025000005960e-001 -9.478948015021e-004
 55    2.062499970198e-001 -9.530661057215e-004
 56    2.099999934435e-001 -9.502979204990e-004
 57    2.137500047684e-001 -9.390083432663e-004
 58    2.175000011921e-001 -9.193376835901e-004
 59    2.212499976158e-001 -8.921858534450e-004
 60    2.249999940395e-001 -8.591774501838e-004
 61    2.287500053644e-001 -8.225573366508e-004
 62    2.325000017881e-001 -7.850259888801e-004
 63    2.362499982119e-001 -7.495317983557e-004
 64    2.399999946356e-001 -7.190408781753e-004
 65    2.437500059605e-001 -6.963061098941e-004
 66    2.475000023842e-001 -6.836588363512e-004
 67    2.512499988079e-001 -6.828395707998e-004
 68    2.549999952316e-001 -6.948830446345e-004
 69    2.587499916553e-001 -7.200623227982e-004
 70    2.624999880791e-001 -7.578933340847e-004
 71    2.662500143051e-001 -8.071927851415e-004
 72    2.700000107288e-001 -8.661778597161e-004
 73    2.737500071526e-001 -9.325933628133e-004
 74    2.775000035763e-001 -1.003850321868e-003
 75    2.812500000000e-001 -1.077160794230e-003
 76    2.849999964237e-001 -1.149657030473e-003
 77    2.887499928474e-001 -1.218486012949e-003
 78    2.924999892712e-001 -1.280876219680e-003
 79    2.962499856949e-001 -1.334175303055e-003
 80    3.000000119209e-001 -1.375865298178e-003
 81    3.037500083447e-001 -1.403560311301e-003
 82    3.075000047684e-001 -1.414994470106e-003
 83    3.112500011921e-001 -1.408010035375e-003
 84    3.149999976158e-001 -1.380548465272e-003
 85    3.187499940395e-001 -1.330652947217e-003
 86    3.224999904633e-001 -1.256479626609e-003
 87    3.262499868870e-001 -1.156319926813e-003
 88    3.300000131130e-001 -1.028628706117e-003
 89    3.337500095367e-001 -8.720550891303e-004
 90    3.375000059605e-001 -6.854713593202e-004
 91    3.412500023842e-001 -4.679959649366e-004
 92    3.449999988079e-001 -2.190079341381e-004
 93    3.487499952316e-001  6.184776284499e-005
 94    3.524999916553e-001  3.746628543013e-004
 95    3.562499880791e-001  7.192740240134e-004
 96    3.600000143051e-001  1.095272827661e-003
 97    3.637500107288e-001  1.502013968420e-003
 98    3.675000071526e-001  1.938619097928e-003
 99    3.712500035763e-001  2.403972403845e-003
 100    3.750000000000e-001  2.896710063796e-003
 101    3.787499964237e-001  3.415204714984e-003
 102    3.824999928474e-001  3.957545615267e-003
 103    3.862499892712e-001  4.521523392759e-003
 104    3.899999856949e-001  5.104621686041e-003
 105    3.937500119209e-001  5.704020715784e-003
 106    3.975000083447e-001  6.316618600395e-003
 107    4.012500047684e-001  6.939070436638e-003
 108    4.050000011921e-001  7.567850109190e-003
 109    4.087499976158e-001  8.199326847680e-003
 110    4.124999940395e-001  8.829857385717e-003
 111    4.162499904633e-001  9.455893626437e-003
 112    4.199999868870e-001  1.007408112288e-002
 113    4.237500131130e-001  1.068136779591e-002
 114    4.275000095367e-001  1.127509615850e-002
 115    4.312500059605e-001  1.185308006126e-002
 116    4.350000023842e-001  1.241366560571e-002
 117    4.387499988079e-001  1.295576821081e-002
 118    4.424999952316e-001  1.347888566554e-002
 119    4.462499916553e-001  1.398308778182e-002
 120    4.499999880791e-001  1.446898822207e-002
 121    4.537500143051e-001  1.493769300170e-002
 122    4.575000107288e-001  1.539072904736e-002
 123    4.612500071526e-001  1.582996922545e-002
 124    4.650000035763e-001  1.625754211098e-002
 125    4.687500000000e-001  1.667572385632e-002
 126    4.724999964237e-001  1.708685444668e-002
 127    4.762499928474e-001  1.749322614633e-002
 128    4.799999892712e-001  1.789700161666e-002
 129    4.837499856949e-001  1.830011915416e-002
 130    4.875000119209e-001  1.870422144420e-002
 131    4.912500083447e-001  1.911060510203e-002
 132    4.950000047684e-001  1.952018183656e-002
 133    4.987500011921e-001  1.993346361443e-002
 134    5.024999976158e-001  2.035056143068e-002
 135    5.062500238419e-001  2.077122537419e-002
 136    5.099999904633e-001  2.119488463737e-002
 137    5.137500166893e-001  2.162071187980e-002
 138    5.174999833107e-001  2.204769798554e-002
 139    5.212500095367e-001  2.247473498806e-002
 140    5.249999761581e-001  2.290069379844e-002
 141    5.287500023842e-001  2.332448601723e-002
 142    5.325000286102e-001  2.374513355084e-002
 143    5.362499952316e-001  2.416179155931e-002
 144    5.400000214577e-001  2.457378092222e-002
 145    5.437499880791e-001  2.498057087883e-002
 146    5.475000143051e-001  2.538176431321e-002
 147    5.512499809265e-001  2.577705087140e-002
 148    5.550000071526e-001  2.616616512649e-002
 149    5.587499737740e-001  2.654881975614e-002
 150    5.625000000000e-001  2.692467013374e-002
 151    5.662500262260e-001  2.729326204397e-002
 152    5.699999928474e-001  2.765401522629e-002
 153    5.737500190735e-001  2.800621106289e-002
 154    5.774999856949e-001  2.834901150316e-002
 155    5.812500119209e-001  2.868149925023e-002
 156    5.849999785423e-001  2.900272785686e-002
 157    5.887500047684e-001  2.931178969331e-002
 158    5.924999713898e-001  2.960788556375e-002
 159    5.962499976158e-001  2.989039750770e-002
 160    6.000000238419e-001  3.015894399956e-002
 161    6.037499904633e-001  3.041342631914e-002
 162    6.075000166893e-001  3.065404419787e-002
 163    6.112499833107e-001  3.088129665703e-002
 164    6.150000095367e-001  3.109594434500e-002
 165    6.187499761581e-001  3.129896334372e-002
 166    6.225000023842e-001  3.149146182463e-002
 167    6.262500286102e-001  3.167460910976e-002
 168    6.299999952316e-001  3.184953283519e-002
 169    6.337500214577e-001  3.201724972576e-002
 170    6.374999880791e-001  3.217856759205e-002
 171    6.412500143051e-001  3.233406761661e-002
 172    6.449999809265e-001  3.248404085636e-002
 173    6.487500071526e-001  3.262850392610e-002
 174    6.524999737740e-001  3.276721106842e-002
 175    6.562500000000e-001  3.289970731363e-002
 176    6.600000262260e-001  3.302537094802e-002
 177    6.637499928474e-001  3.314350757748e-002
 178    6.675000190735e-001  3.325340490788e-002
 179    6.712499856949e-001  3.335441822186e-002
 180    6.750000119209e-001  3.344602810219e-002
 181    6.787499785423e-001  3.352788824588e-002
 182    6.825000047684e-001  3.359984871000e-002
 183    6.862499713898e-001  3.366198636591e-002
 184    6.899999976158e-001  3.371457096189e-002
 185    6.937500238419e-001  3.375807713717e-002
 186    6.974999904633e-001  3.379312243313e-002
 187    7.012500166893e-001  3.382045101374e-002
 188    7.049999833107e-001  3.384087726474e-002
 189    7.087500095367e-001  3.385524842888e-002
 190    7.124999761581e-001  3.386440664530e-002
 191    7.162500023842e-001  3.386916011572e-002
 192    7.200000286102e-001  3.387024946511e-002
 193    7.237499952316e-001  3.386832743883e-002
 194    7.275000214577e-001  3.386394526809e-002
 195    7.312499880791e-001  3.385755032301e-002
 196    7.350000143051e-001  3.384946256876e-002
 197    7.387499809265e-001  3.383988393471e-002
 198    7.425000071526e-001  3.382888792083e-002
 199    7.462499737740e-001  3.381643479690e-002
 200    7.500000000000e-001  3.380235454068e-002
 201    7.537500262260e-001  3.378637164831e-002
 202    7.574999928474e-001  3.376811077818e-002
 203    7.612500190735e-001  3.374710900709e-002
 204    7.649999856949e-001  3.372284442186e-002
 205    7.687500119209e-001  3.369475293905e-002
 206    7.724999785423e-001  3.366226596758e-002
 207    7.762500047684e-001  3.362483281642e-002
 208    7.799999713898e-001  3.358196021989e-002
 209    7.837499976158e-001  3.353324333206e-002
 210    7.875000238419e-001  3.347838435322e-002
 211    7.912499904633e-001  3.341723583639e-002
 212    7.950000166893e-001  3.334981000051e-002
 213    7.987499833107e-001  3.327628701925e-002
 214    8.025000095367e-001  3.319703262299e-002
 215    8.062499761581e-001  3.311258181930e-002
 216    8.100000023842e-001  3.302362129092e-002
 217    8.137500286102e-001  3.293097684160e-002
 218    8.174999952316e-001  3.283557789400e-002
 219    8.212500214577e-001  3.273841213435e-002
 220    8.249999880791e-001  3.264049854130e-002
 221    8.287500143051e-001  3.254282148555e-002
 222    8.324999809265e-001  3.244628796354e-002
 223    8.362500071526e-001  3.235169965774e-002
 224    8.399999737740e-001  3.225969310850e-002
 225    8.437500000000e-001  3.217072049156e-002
 226    8.475000262260e-001  3.208501255140e-002
 227    8.512499928474e-001  3.200258286670e-002
 228    8.550000190735e-001  3.192320195958e-002
 229    8.587499856949e-001  3.184641387314e-002
 230    8.625000119209e-001  3.177154686302e-002
 231    8.662499785423e-001  3.169772697613e-002
 232    8.700000047684e-001  3.162390718237e-002
 233    8.737499713898e-001  3.154887801036e-002
 234    8.774999976158e-001  3.147130785510e-002
 235    8.812500238419e-001  3.138974508271e-002
 236    8.849999904633e-001  3.130267167464e-002
 237    8.887500166893e-001  3.120848311111e-002
 238    8.924999833107e-001  3.110555552877e-002
 239    8.962500095367e-001  3.099222878926e-002
 240    8.999999761581e-001  3.086685990915e-002
 241    9.037500023842e-001  3.072784045711e-002
 242    9.075000286102e-001  3.057362923399e-002
 243    9.112499952316e-001  3.040279029869e-002
 244    9.150000214577e-001  3.021402979270e-002
 245    9.187499880791e-001  3.000623357482e-002
 246    9.225000143051e-001  2.977849575691e-002
 247    9.262499809265e-001  2.953016279265e-002
 248    9.300000071526e-001  2.926083741710e-002
 249    9.337499737740e-001  2.897040071897e-002
 250    9.375000000000e-001  2.865901316516e-002
 251    9.412500262260e-001  2.832710685208e-002
 252    9.449999928474e-001  2.797536174767e-002
 253    9.487500190735e-001  2.760468430817e-002
 254    9.524999856949e-001  2.721617477015e-002
 255    9.562500119209e-001  2.681109191850e-002
 256    9.599999785423e-001  2.639081797563e-002
 257    9.637500047684e-001  2.595683006570e-002
 258    9.674999713898e-001  2.551067044958e-002
 259    9.712499976158e-001  2.505392014980e-002
 260    9.750000238419e-001  2.458818323910e-002
 261    9.787499904633e-001  2.411507686600e-002
 262    9.825000166893e-001  2.363621407188e-002
 263    9.862499833107e-001  2.315320078284e-002
 264    9.900000095367e-001  2.266762181185e-002
 265    9.937499761581e-001  2.218103998341e-002
 266    9.975000023842e-001  2.169497475028e-002
 267    1.001250028610e+000  2.121089558117e-002
 268    1.004999995232e+000  2.073020526208e-002
 269    1.008749961853e+000  2.025422908366e-002
 270    1.012500047684e+000  1.978419000283e-002
 271    1.016250014305e+000  1.932120759040e-002
 272    1.019999980927e+000  1.886628361419e-002
 273    1.023749947548e+000  1.842029546387e-002
 274    1.027500033379e+000  1.798400849104e-002
 275    1.031250000000e+000  1.755806943402e-002
 276    1.034999966621e+000  1.714303062297e-002
 277    1.038750052452e+000  1.673936145380e-002
 278    1.042500019073e+000  1.634747193195e-002
 279    1.046249985695e+000  1.596773228608e-002
 280    1.049999952316e+000  1.560049717315e-002
 281    1.053750038147e+000  1.524612276815e-002
 282    1.057500004768e+000  1.490498166066e-002
 283    1.061249971390e+000  1.457747408655e-002
 284    1.065000057220e+000  1.426402931102e-002
 285    1.068750023842e+000  1.396510037128e-002
 286    1.072499990463e+000  1.368115939200e-002
 287    1.076249957085e+000  1.341267379932e-002
 288    1.080000042915e+000  1.316009056754e-002
 289    1.083750009537e+000  1.292381156236e-002
 290    1.087499976158e+000  1.270416930318e-002
 291    1.091249942780e+000  1.250140263699e-002
 292    1.095000028610e+000  1.231563891284e-002
 293    1.098749995232e+000  1.214688054286e-002
 294    1.102499961853e+000  1.199499578215e-002
 295    1.106250047684e+000  1.185972092208e-002
 296    1.110000014305e+000  1.174066629726e-002
 297    1.113749980927e+000  1.163733516354e-002
 298    1.117499947548e+000  1.154914613348e-002
 299    1.121250033379e+000  1.147545687389e-002
 300    1.125000000000e+000  1.141559788026e-002
 301    1.128749966621e+000  1.136890085880e-002
 302    1.132500052452e+000  1.133472722955e-002
 303    1.136250019073e+000  1.131249282975e-002
 304    1.139999985695e+000  1.130168467294e-002
 305    1.143749952316e+000  1.130187222734e-002
 306    1.147500038147e+000  1.131271095946e-002
 307    1.151250004768e+000  1.133393764962e-002
 308    1.154999971390e+000  1.136535731144e-002
 309    1.158750057220e+000  1.140682789031e-002
 310    1.162500023842e+000  1.145823562052e-002
 311    1.166249990463e+000  1.151947412174e-002
 312    1.169999957085e+000  1.159042268526e-002
 313    1.173750042915e+000  1.167091862764e-002
 314    1.177500009537e+000  1.176074385177e-002
 315    1.181249976158e+000  1.185961115174e-002
 316    1.184999942780e+000  1.196715265047e-002
 317    1.188750028610e+000  1.208292265423e-002
 318    1.192499995232e+000  1.220639965031e-002
 319    1.196249961853e+000  1.233699791599e-002
 320    1.200000047684e+000  1.247408172581e-002
 321    1.203750014305e+000  1.261698759161e-002
 322    1.207499980927e+000  1.276504207402e-002
 323    1.211249947548e+000  1.291759117041e-002
 324    1.215000033379e+000  1.307401853148e-002
 325    1.218750000000e+000  1.323376897722e-002
 326    1.222499966621e+000  1.339636524208e-002
 327    1.226250052452e+000  1.356142248027e-002
 328    1.230000019073e+000  1.372865559533e-002
 329    1.233749985695e+000  1.389788467437e-002
 330    1.237499952316e+000  1.406902742106e-002
 331    1.241250038147e+000  1.424209376331e-002
 332    1.245000004768e+000  1.441717565525e-002
 333    1.248749971390e+000  1.459442509338e-002
 334    1.252500057220e+000  1.477403852623e-002
 335    1.256250023842e+000  1.495623568073e-002
 336    1.259999990463e+000  1.514123589266e-002
 337    1.263749957085e+000  1.532924314961e-002
 338    1.267500042915e+000  1.552041812800e-002
 339    1.271250009537e+000  1.571486653760e-002
 340    1.274999976158e+000  1.591262275353e-002
 341    1.278749942780e+000  1.611363855191e-002
 342    1.282500028610e+000  1.631777401082e-002
 343    1.286249995232e+000  1.652479699813e-002
 344    1.289999961853e+000  1.673437818885e-002
 345    1.293750047684e+000  1.694610737264e-002
 346    1.297500014305e+000  1.715949168429e-002
 347    1.301249980927e+000  1.737398068421e-002
 348    1.304999947548e+000  1.758898209780e-002
 349    1.308750033379e+000  1.780388650484e-002
 350    1.312500000000e+000  1.801809013821e-002
 351    1.316249966621e+000  1.823101611808e-002
 352    1.320000052452e+000  1.844214926474e-002
 353    1.323750019073e+000  1.865105279721e-002
 354    1.327499985695e+000  1.885738539509e-002
 355    1.331249952316e+000  1.906091456302e-002
 356    1.335000038147e+000  1.926153624430e-002
 357    1.338750004768e+000  1.945926893502e-002
 358    1.342499971390e+000  1.965425542556e-002
 359    1.346250057220e+000  1.984676454216e-002
 360    1.350000023842e+000  2.003717577085e-002
 361    1.353749990463e+000  2.022597261705e-002
 362    1.357499957085e+000  2.041373242624e-002
 363    1.361250042915e+000  2.060111562721e-002
 364    1.365000009537e+000  2.078884474002e-002
 365    1.368749976158e+000  2.097770389169e-002
 366    1.372499942780e+000  2.116852079518e-002
 367    1.376250028610e+000  2.136215076782e-002
 368    1.379999995232e+000  2.155947447754e-002
 369    1.383749961853e+000  2.176136979833e-002
 370    1.387500047684e+000  2.196871279739e-002
 371    1.391250014305e+000  2.218234688975e-002
 372    1.394999980927e+000  2.240308061242e-002
 373    1.398749947548e+000  2.263165827841e-002
 374    1.402500033379e+000  2.286874637008e-002
 375    1.406250000000e+000  2.311492233537e-002
 376    1.409999966621e+000  2.337065365165e-002
 377    1.413750052452e+000  2.363628674299e-002
 378    1.417500019073e+000  2.391204004176e-002
 379    1.421249985695e+000  2.419799972326e-002
 380    1.424999952316e+000  2.449412090704e-002
 381    1.428750038147e+000  2.480022243224e-002
 382    1.432500004768e+000  2.511600890197e-002
 383    1.436249971390e+000  2.544107320718e-002
 384    1.440000057220e+000  2.577491466887e-002
 385    1.443750023842e+000  2.611695654690e-002
 386    1.447499990463e+000  2.646656082012e-002
 387    1.451249957085e+000  2.682305290364e-002
 388    1.455000042915e+000  2.718573273160e-002
 389    1.458750009537e+000  2.755389046855e-002
 390    1.462499976158e+000  2.792681882158e-002
 391    1.466249942780e+000  2.830381941050e-002
 392    1.470000028610e+000  2.868420985527e-002
 393    1.473749995232e+000  2.906732335687e-002
 394    1.477499961853e+000  2.945250281133e-002
 395    1.481250047684e+000  2.983909945935e-002
 396    1.485000014305e+000  3.022645790130e-002
 397    1.488749980927e+000  3.061391414143e-002
 398    1.492499947548e+000  3.100078562275e-002
 399    1.496250033379e+000  3.138635560870e-002
 400    1.500000000000e+000  3.176988471299e-002
X
Y
Comp 12 of Cauchy Stress Node 2702 : Time
 401
 0    0.000000000000e+000  0.000000000000e+000
 1    3.749999916181e-003  3.356659649871e-003
 2    7.499999832362e-003  6.361248707399e-003
 3    1.125000044703e-002  9.050698215142e-003
 4    1.499999966472e-002  1.145805728622e-002
 5    1.875000074506e-002  1.361289690249e-002
 6    2.250000089407e-002  1.554167957976e-002
 7    2.624999918044e-002  1.726808138192e-002
 8    2.999999932945e-002  1.881329426542e-002
 9    3.375000134110e-002  2.019628243521e-002
 10    3.750000149012e-002  2.143401610665e-002
 11    4.125000163913e-002  2.254169285297e-002
 12    4.500000178814e-002  2.353292008862e-002
 13    4.874999821186e-002  2.441988354549e-002
 14    5.249999836087e-002  2.521350469440e-002
 15    5.624999850988e-002  2.592356990092e-002
 16    5.999999865890e-002  2.655885179527e-002
 17    6.374999880791e-002  2.712721514516e-002
 18    6.750000268221e-002  2.763571881689e-002
 19    7.124999910593e-002  2.809068566188e-002
 20    7.500000298023e-002  2.849779026583e-002
 21    7.874999940395e-002  2.886212249286e-002
 22    8.250000327826e-002  2.918824081309e-002
 23    8.624999970198e-002  2.948023178615e-002
 24    9.000000357628e-002  2.974175113253e-002
 25    9.375000000000e-002  2.997607029974e-002
 26    9.749999642372e-002  3.018610957079e-002
 27    1.012500002980e-001  3.037447477691e-002
 28    1.049999967217e-001  3.054348442703e-002
 29    1.087500005960e-001  3.069519882090e-002
 30    1.124999970198e-001  3.083143867552e-002
 31    1.162500008941e-001  3.095381907187e-002
 32    1.199999973178e-001  3.106375955045e-002
 33    1.237500011921e-001  3.116251018830e-002
 34    1.274999976158e-001  3.125116986223e-002
 35    1.312499940395e-001  3.133070850745e-002
 36    1.350000053644e-001  3.140197532251e-002
 37    1.387500017881e-001  3.146573096514e-002
 38    1.424999982119e-001  3.152264920995e-002
 39    1.462499946356e-001  3.157333821058e-002
 40    1.500000059605e-001  3.161835378036e-002
 41    1.537500023842e-001  3.165820846334e-002
 42    1.574999988079e-001  3.169337501749e-002
 43    1.612499952316e-001  3.172429356724e-002
 44    1.650000065565e-001  3.175137370825e-002
 45    1.687500029802e-001  3.177499132231e-002
 46    1.724999994040e-001  3.179550293833e-002
 47    1.762499958277e-001  3.181322248653e-002
 48    1.800000071526e-001  3.182843836024e-002
 49    1.837500035763e-001  3.184140542522e-002
 50    1.875000000000e-001  3.185235854238e-002
 51    1.912499964237e-001  3.186150571331e-002
 52    1.949999928474e-001  3.186903679743e-002
 53    1.987500041723e-001  3.187514362857e-002
 54    2.025000005960e-001  3.188001671806e-002
 55    2.062499970198e-001  3.188385359943e-002
 56    2.099999934435e-001  3.188687324524e-002
 57    2.137500047684e-001  3.188931336626e-002
 58    2.175000011921e-001  3.189143713564e-002
 59    2.212499976158e-001  3.189351577312e-002
 60    2.249999940395e-001  3.189582938328e-002
 61    2.287500053644e-001  3.189866131172e-002
 62    2.325000017881e-001  3.190226582810e-002
 63    2.362499982119e-001  3.190686596557e-002
 64    2.399999946356e-001  3.191263400018e-002
 65    2.437500059605e-001  3.191967438906e-002
 66    2.475000023842e-001  3.192801380530e-002
 67    2.512499988079e-001  3.193759638816e-002
 68    2.549999952316e-001  3.194828638807e-002
 69    2.587499916553e-001  3.195987321436e-002
 70    2.624999880791e-001  3.197206776589e-002
 71    2.662500143051e-001  3.198454376310e-002
 72    2.700000107288e-001  3.199692795053e-002
 73    2.737500071526e-001  3.200883584097e-002
 74    2.775000035763e-001  3.201989393681e-002
 75    2.812500000000e-001  3.202974531800e-002
 76    2.849999964237e-001  3.203806621954e-002
 77    2.887499928474e-001  3.204458152875e-002
 78    2.924999892712e-001  3.204907733947e-002
 79    2.962499856949e-001  3.205138972029e-002
 80    3.000000119209e-001  3.205141138285e-002
 81    3.037500083447e-001  3.204909330234e-002
 82    3.075000047684e-001  3.204442543909e-002
 83    3.112500011921e-001  3.203743649647e-002
 84    3.149999976158e-001  3.202819470316e-002
 85    3.187499940395e-001  3.201679123566e-002
 86    3.224999904633e-001  3.200332688168e-002
 87    3.262499868870e-001  3.198792645708e-002
 88    3.300000131130e-001  3.197071153671e-002
 89    3.337500095367e-001  3.195182748139e-002
 90    3.375000059605e-001  3.193139905110e-002
 91    3.412500023842e-001  3.190956674516e-002
 92    3.449999988079e-001  3.188646649942e-002
 93    3.487499952316e-001  3.186222944409e-002
 94    3.524999916553e-001  3.183698719367e-002
 95    3.562499880791e-001  3.181086385623e-002
 96    3.600000143051e-001  3.178398216143e-002
 97    3.637500107288e-001  3.175647228956e-002
 98    3.675000071526e-001  3.172845847905e-002
 99    3.712500035763e-001  3.170007908717e-002
 100    3.750000000000e-001  3.167148334906e-002
 101    3.787499964237e-001  3.164283810183e-002
 102    3.824999928474e-001  3.161433067173e-002
 103    3.862499892712e-001  3.158617319539e-002
 104    3.899999856949e-001  3.155860261992e-002
 105    3.937500119209e-001  3.153188202530e-002
 106    3.975000083447e-001  3.150629371405e-002
 107    4.012500047684e-001  3.148213146254e-002
 108    4.050000011921e-001  3.145969307050e-002
 109    4.087499976158e-001  3.143927099183e-002
 110    4.124999940395e-001  3.142114277929e-002
 111    4.162499904633e-001  3.140554381534e-002
 112    4.199999868870e-001  3.139266893268e-002
 113    4.237500131130e-001  3.138266604394e-002
 114    4.275000095367e-001  3.137561073527e-002
 115    4.312500059605e-001  3.137151112780e-002
 116    4.350000023842e-001  3.137031611055e-002
 117    4.387499988079e-001  3.137189377099e-002
 118    4.424999952316e-001  3.137605536729e-002
 119    4.462499916553e-001  3.138255430385e-002
 120    4.499999880791e-001  3.139110187069e-002
 121    4.537500143051e-001  3.140136856586e-002
 122    4.575000107288e-001  3.141301557422e-002
 123    4.612500071526e-001  3.142568197101e-002
 124    4.650000035763e-001  3.143902743235e-002
 125    4.687500000000e-001  3.145271908492e-002
 126    4.724999964237e-001  3.146645907313e-002
 127    4.762499928474e-001  3.147998901084e-002
 128    4.799999892712e-001  3.149308577180e-002
 129    4.837499856949e-001  3.150559213012e-002
 130    4.875000119209e-001  3.151739170775e-002
 131    4.912500083447e-001  3.152842976153e-002
 132    4.950000047684e-001  3.153869209811e-002
 133    4.987500011921e-001  3.154821179807e-002
 134    5.024999976158e-001  3.155705792829e-002
 135    5.062500238419e-001  3.156531691551e-002
 136    5.099999904633e-001  3.157310348004e-002
 137    5.137500166893e-001  3.158052297309e-002
 138    5.174999833107e-001  3.158766711131e-002
 139    5.212500095367e-001  3.159461908042e-002
 140    5.249999761581e-001  3.160142650828e-002
 141    5.287500023842e-001  3.160810416564e-002
 142    5.325000286102e-001  3.161463132128e-002
 143    5.362499952316e-001  3.162095192820e-002
 144    5.400000214577e-001  3.162698753178e-002
 145    5.437499880791e-001  3.163261529058e-002
 146    5.475000143051e-001  3.163773026317e-002
 147    5.512499809265e-001  3.164219597355e-002
 148    5.550000071526e-001  3.164590718225e-002
 149    5.587499737740e-001  3.164877306670e-002
 150    5.625000000000e-001  3.165073404089e-002
 151    5.662500262260e-001  3.165175911039e-002
 152    5.699999928474e-001  3.165187014267e-002
 153    5.737500190735e-001  3.165111362934e-002
 154    5.774999856949e-001  3.164957769215e-002
 155    5.812500119209e-001  3.164737531915e-002
 156    5.849999785423e-001  3.164462670684e-002
 157    5.887500047684e-001  3.164146142080e-002
 158    5.924999713898e-001  3.163800206035e-002
 159    5.962499976158e-001  3.163434239104e-002
 160    6.000000238419e-001  3.163055906072e-002
 161    6.037499904633e-001  3.162668306381e-002
 162    6.075000166893e-001  3.162271596491e-002
 163    6.112499833107e-001  3.161862088367e-002
 164    6.150000095367e-001  3.161433367059e-002
 165    6.187499761581e-001  3.160977521911e-002
 166    6.225000023842e-001  3.160484209657e-002
 167    6.262500286102e-001  3.159944931045e-002
 168    6.299999952316e-001  3.159351078793e-002
 169    6.337500214577e-001  3.158697841689e-002
 170    6.374999880791e-001  3.157982811332e-002
 171    6.412500143051e-001  3.157206384465e-002
 172    6.449999809265e-001  3.156373606995e-002
 173    6.487500071526e-001  3.155492251739e-002
 174    6.524999737740e-001  3.154572680593e-002
 175    6.562500000000e-001  3.153627742082e-002
 176    6.600000262260e-001  3.152669936419e-002
 177    6.637499928474e-001  3.151711577550e-002
 178    6.675000190735e-001  3.150764282793e-002
 179    6.712499856949e-001  3.149837080389e-002
 180    6.750000119209e-001  3.148935815319e-002
 181    6.787499785423e-001  3.148063905537e-002
 182    6.825000047684e-001  3.147220624611e-002
 183    6.862499713898e-001  3.146403377876e-002
 184    6.899999976158e-001  3.145605990663e-002
 185    6.937500238419e-001  3.144821273163e-002
 186    6.974999904633e-001  3.144039873034e-002
 187    7.012500166893e-001  3.143253345042e-002
 188    7.049999833107e-001  3.142451910302e-002
 189    7.087500095367e-001  3.141627261415e-002
 190    7.124999761581e-001  3.140772076324e-002
 191    7.162500023842e-001  3.139880185947e-002
 192    7.200000286102e-001  3.138947661966e-002
 193    7.237499952316e-001  3.137971434742e-002
 194    7.275000214577e-001  3.136950861663e-002
 195    7.312499880791e-001  3.135886639357e-002
 196    7.350000143051e-001  3.134781092405e-002
 197    7.387499809265e-001  3.133638413623e-002
 198    7.425000071526e-001  3.132463492453e-002
 199    7.462499737740e-001  3.131263326854e-002
 200    7.500000000000e-001  3.130045395344e-002
 201    7.537500262260e-001  3.128818245605e-002
 202    7.574999928474e-001  3.127591038123e-002
 203    7.612500190735e-001  3.126373173669e-002
 204    7.649999856949e-001  3.125173680484e-002
 205    7.687500119209e-001  3.124000436626e-002
 206    7.724999785423e-001  3.122861079872e-002
 207    7.762500047684e-001  3.121760710143e-002
 208    7.799999713898e-001  3.120702625252e-002
 209    7.837499976158e-001  3.119687359780e-002
 210    7.875000238419e-001  3.118712736294e-002
 211    7.912499904633e-001  3.117773814127e-002
 212    7.950000166893e-001  3.116862435825e-002
 213    7.987499833107e-001  3.115968026221e-002
 214    8.025000095367e-001  3.115077808499e-002
 215    8.062499761581e-001  3.114176762290e-002
 216    8.100000023842e-001  3.113249080256e-002
 217    8.137500286102e-001  3.112278366461e-002
 218    8.174999952316e-001  3.111248813570e-002
 219    8.212500214577e-001  3.110145734623e-002
 220    8.249999880791e-001  3.108956377022e-002
 221    8.287500143051e-001  3.107671246864e-002
 222    8.324999809265e-001  3.106283769943e-002
 223    8.362500071526e-001  3.104791913182e-002
 224    8.399999737740e-001  3.103196869604e-002
 225    8.437500000000e-001  3.101505226456e-002
 226    8.475000262260e-001  3.099727145396e-002
 227    8.512499928474e-001  3.097876698710e-002
 228    8.550000190735e-001  3.095971400850e-002
 229    8.587499856949e-001  3.094031073153e-002
 230    8.625000119209e-001  3.092078126036e-002
 231    8.662499785423e-001  3.090135327540e-002
 232    8.700000047684e-001  3.088226325810e-002
 233    8.737499713898e-001  3.086373859085e-002
 234    8.774999976158e-001  3.084600332193e-002
 235    8.812500238419e-001  3.082925852388e-002
 236    8.849999904633e-001  3.081369112246e-002
 237    8.887500166893e-001  3.079946470447e-002
 238    8.924999833107e-001  3.078671909869e-002
 239    8.962500095367e-001  3.077556598932e-002
 240    8.999999761581e-001  3.076609453186e-002
 241    9.037500023842e-001  3.075836828910e-002
 242    9.075000286102e-001  3.075241880491e-002
 243    9.112499952316e-001  3.074825338088e-002
 244    9.150000214577e-001  3.074585090391e-002
 245    9.187499880791e-001  3.074516028166e-002
 246    9.225000143051e-001  3.074610440992e-002
 247    9.262499809265e-001  3.074857377447e-002
 248    9.300000071526e-001  3.075244368985e-002
 249    9.337499737740e-001  3.075755865313e-002
 250    9.375000000000e-001  3.076374636963e-002
 251    9.412500262260e-001  3.077082523145e-002
 252    9.449999928474e-001  3.077860497870e-002
 253    9.487500190735e-001  3.078688964248e-002
 254    9.524999856949e-001  3.079548940994e-002
 255    9.562500119209e-001  3.080422158353e-002
 256    9.599999785423e-001  3.081291307695e-002
 257    9.637500047684e-001  3.082140497863e-002
 258    9.674999713898e-001  3.082954972982e-002
 259    9.712499976158e-001  3.083721740171e-002
 260    9.750000238419e-001  3.084428671747e-002
 261    9.787499904633e-001  3.085065162741e-002
 262    9.825000166893e-001  3.085621179081e-002
 263    9.862499833107e-001  3.086087338626e-002
 264    9.900000095367e-001  3.086455364712e-002
 265    9.937499761581e-001  3.086716923863e-002
 266    9.975000023842e-001  3.086864974350e-002
 267    1.001250028610e+000  3.086893099360e-002
 268    1.004999995232e+000  3.086795506999e-002
 269    1.008749961853e+000  3.086567964405e-002
 270    1.012500047684e+000  3.086207785644e-002
 271    1.016250014305e+000  3.085713083856e-002
 272    1.019999980927e+000  3.085084507242e-002
 273    1.023749947548e+000  3.084323851392e-002
 274    1.027500033379e+000  3.083434578963e-002
 275    1.031250000000e+000  3.082421393134e-002
 276    1.034999966621e+000  3.081289904192e-002
 277    1.038750052452e+000  3.080046374351e-002
 278    1.042500019073e+000  3.078697465360e-002
 279    1.046249985695e+000  3.077249223366e-002
 280    1.049999952316e+000  3.075707265176e-002
 281    1.053750038147e+000  3.074076417834e-002
 282    1.057500004768e+000  3.072360105813e-002
 283    1.061249971390e+000  3.070560615510e-002
 284    1.065000057220e+000  3.068678950891e-002
 285    1.068750023842e+000  3.066715527326e-002
 286    1.072499990463e+000  3.064669369720e-002
 287    1.076249957085e+000  3.062539650127e-002
 288    1.080000042915e+000  3.060325138271e-002
 289    1.083750009537e+000  3.058025258593e-002
 290    1.087499976158e+000  3.055640423670e-002
 291    1.091249942780e+000  3.053171926178e-002
 292    1.095000028610e+000  3.050622662529e-002
 293    1.098749995232e+000  3.047997117974e-002
 294    1.102499961853e+000  3.045301327482e-002
 295    1.106250047684e+000  3.042543007992e-002
 296    1.110000014305e+000  3.039730705321e-002
 297    1.113749980927e+000  3.036874394864e-002
 298    1.117499947548e+000  3.033983877860e-002
 299    1.121250033379e+000  3.031069183722e-002
 300    1.125000000000e+000  3.028139353730e-002
 301    1.128749966621e+000  3.025202855468e-002
 302    1.132500052452e+000  3.022266300395e-002
 303    1.136250019073e+000  3.019334951416e-002
 304    1.139999985695e+000  3.016412029043e-002
 305    1.143749952316e+000  3.013499017805e-002
 306    1.147500038147e+000  3.010595398955e-002
 307    1.151250004768e+000  3.007699746639e-002
 308    1.154999971390e+000  3.004809418693e-002
 309    1.158750057220e+000  3.001920973882e-002
 310    1.162500023842e+000  2.999031529762e-002
 311    1.166249990463e+000  2.996138059534e-002
 312    1.169999957085e+000  2.993238269351e-002
 313    1.173750042915e+000  2.990331523120e-002
 314    1.177500009537e+000  2.987418118864e-002
 315    1.181249976158e+000  2.984500105493e-002
 316    1.184999942780e+000  2.981581027620e-002
 317    1.188750028610e+000  2.978665405884e-002
 318    1.192499995232e+000  2.975759256631e-002
 319    1.196249961853e+000  2.972869358957e-002
 320    1.200000047684e+000  2.970002813265e-002
 321    1.203750014305e+000  2.967166479677e-002
 322    1.207499980927e+000  2.964366632514e-002
 323    1.211249947548e+000  2.961608798243e-002
 324    1.215000033379e+000  2.958897289820e-002
 325    1.218750000000e+000  2.956234777346e-002
 326    1.222499966621e+000  2.953621888533e-002
 327    1.226250052452e+000  2.951057863422e-002
 328    1.230000019073e+000  2.948540085927e-002
 329    1.233749985695e+000  2.946064378135e-002
 330    1.237499952316e+000  2.943625147454e-002
 331    1.241250038147e+000  2.941216146573e-002
 332    1.245000004768e+000  2.938830167055e-002
 333    1.248749971390e+000  2.936460054480e-002
 334    1.252500057220e+000  2.934098840691e-002
 335    1.256250023842e+000  2.931739890948e-002
 336    1.259999990463e+000  2.929377946071e-002
 337    1.263749957085e+000  2.927008680999e-002
 338    1.267500042915e+000  2.924629104324e-002
 339    1.271250009537e+000  2.922237693332e-002
 340    1.274999976158e+000  2.919834859669e-002
 341    1.278749942780e+000  2.917421976104e-002
 342    1.282500028610e+000  2.915002938360e-002
 343    1.286249995232e+000  2.912582107820e-002
 344    1.289999961853e+000  2.910165608861e-002
 345    1.293750047684e+000  2.907760379836e-002
 346    1.297500014305e+000  2.905374266207e-002
 347    1.301249980927e+000  2.903015329503e-002
 348    1.304999947548e+000  2.900691670366e-002
 349    1.308750033379e+000  2.898411164060e-002
 350    1.312500000000e+000  2.896181073040e-002
 351    1.316249966621e+000  2.894007419236e-002
 352    1.320000052452e+000  2.891894770786e-002
 353    1.323750019073e+000  2.889846416190e-002
 354    1.327499985695e+000  2.887863454409e-002
 355    1.331249952316e+000  2.885945506394e-002
 356    1.335000038147e+000  2.884089829400e-002
 357    1.338750004768e+000  2.882292307913e-002
 358    1.342499971390e+000  2.880546865053e-002
 359    1.346250057220e+000  2.878846264444e-002
 360    1.350000023842e+000  2.877181801014e-002
 361    1.353749990463e+000  2.875544024631e-002
 362    1.357499957085e+000  2.873922617175e-002
 363    1.361250042915e+000  2.872307008132e-002
 364    1.365000009537e+000  2.870686200447e-002
 365    1.368749976158e+000  2.869049410336e-002
 366    1.372499942780e+000  2.867385827005e-002
 367    1.376250028610e+000  2.865685093217e-002
 368    1.379999995232e+000  2.863937224261e-002
 369    1.383749961853e+000  2.862133034505e-002
 370    1.387500047684e+000  2.860264125280e-002
 371    1.391250014305e+000  2.858323149383e-002
 372    1.394999980927e+000  2.856303465553e-002
 373    1.398749947548e+000  2.854200445116e-002
 374    1.402500033379e+000  2.852010859177e-002
 375    1.406250000000e+000  2.849732704461e-002
 376    1.409999966621e+000  2.847366137430e-002
 377    1.413750052452e+000  2.844913381152e-002
 378    1.417500019073e+000  2.842377965339e-002
 379    1.421249985695e+000  2.839766114019e-002
 380    1.424999952316e+000  2.837084877305e-002
 381    1.428750038147e+000  2.834343425930e-002
 382    1.432500004768e+000  2.831552078016e-002
 383    1.436249971390e+000  2.828721923754e-002
 384    1.440000057220e+000  2.825864840299e-002
 385    1.443750023842e+000  2.822993278503e-002
 386    1.447499990463e+000  2.820119061507e-002
 387    1.451249957085e+000  2.817254370078e-002
 388    1.455000042915e+000  2.814410132356e-002
 389    1.458750009537e+000  2.811597021297e-002
 390    1.462499976158e+000  2.808824427426e-002
 391    1.466249942780e+000  2.806100554764e-002
 392    1.470000028610e+000  2.803433192894e-002
 393    1.473749995232e+000  2.800828716718e-002
 394    1.477499961853e+000  2.798292807303e-002
 395    1.481250047684e+000  2.795830385759e-002
 396    1.485000014305e+000  2.793446388096e-002
 397    1.488749980927e+000  2.791144762188e-002
 398    1.492499947548e+000  2.788930233568e-002
 399    1.496250033379e+000  2.786807086319e-002
 400    1.500000000000e+000  2.784779327922e-002
