0    0.000000000000e+000  0.000000000000e+000
 1    3.749999916181e-003  3.732525464147e-003
 2    7.499999832362e-003  7.447685031220e-003
 3    1.125000044703e-002  1.114558388479e-002
 4    1.499999966472e-002  1.482631423511e-002
 5    1.875000074506e-002  1.848995519802e-002
 6    2.250000089407e-002  2.213656347245e-002
 7    2.624999918044e-002  2.576617665589e-002
 8    2.999999932945e-002  2.937881333753e-002
 9    3.375000134110e-002  3.297448273748e-002
 10    3.750000149012e-002  3.655317377299e-002
 11    4.125000163913e-002  4.011487614363e-002
 12    4.500000178814e-002  4.365958303213e-002
 13    4.874999821186e-002  4.718729350716e-002
 14    5.249999836087e-002  5.069803847000e-002
 15    5.624999850988e-002  5.419186059386e-002
 16    5.999999865890e-002  5.766884777695e-002
 17    6.374999880791e-002  6.112912347540e-002
 18    6.750000268221e-002  6.457285426557e-002
 19    7.124999910593e-002  6.800023987889e-002
 20    7.500000298023e-002  7.141155038029e-002
 21    7.874999940395e-002  7.480705246329e-002
 22    8.250000327826e-002  7.818707000464e-002
 23    8.624999970198e-002  8.155194297433e-002
 24    9.000000357628e-002  8.490200713277e-002
 25    9.375000000000e-002  8.823759175837e-002
 26    9.749999642372e-002  9.155899681151e-002
 27    1.012500002980e-001  9.486648261547e-002
 28    1.049999967217e-001  9.816023681313e-002
 29    1.087500005960e-001  1.014403640479e-001
 30    1.124999970198e-001  1.047068604827e-001
 31    1.162500008941e-001  1.079596066102e-001
 32    1.199999973178e-001  1.111983631551e-001
 33    1.237500011921e-001  1.144227393717e-001
 34    1.274999976158e-001  1.176322252303e-001
 35    1.312499940395e-001  1.208261919022e-001
 36    1.350000053644e-001  1.240039040148e-001
 37    1.387500017881e-001  1.271645732224e-001
 38    1.424999982119e-001  1.303073148429e-001
 39    1.462499946356e-001  1.334313179553e-001
 40    1.500000059605e-001  1.365357518196e-001
 41    1.537500023842e-001  1.396198947728e-001
 42    1.574999988079e-001  1.426831556112e-001
 43    1.612499952316e-001  1.457250812650e-001
 44    1.650000065565e-001  1.487454570085e-001
 45    1.687500029802e-001  1.517442405969e-001
 46    1.724999994040e-001  1.547216977924e-001
 47    1.762499958277e-001  1.576783062518e-001
 48    1.800000071526e-001  1.606148624420e-001
 49    1.837500035763e-001  1.635323864967e-001
 50    1.875000000000e-001  1.664322120696e-001
 51    1.912499964237e-001  1.693159209937e-001
 52    1.949999928474e-001  1.721853829175e-001
 53    1.987500041723e-001  1.750426793844e-001
 54    2.025000005960e-001  1.778901208937e-001
 55    2.062499970198e-001  1.807302308083e-001
 56    2.099999934435e-001  1.835656256974e-001
 57    2.137500047684e-001  1.863990600407e-001
 58    2.175000011921e-001  1.892332318425e-001
 59    2.212499976158e-001  1.920707641542e-001
 60    2.249999940395e-001  1.949141058326e-001
 61    2.287500053644e-001  1.977653004229e-001
 62    2.325000017881e-001  2.006259743869e-001
 63    2.362499982119e-001  2.034971093386e-001
 64    2.399999946356e-001  2.063789106160e-001
 65    2.437500059605e-001  2.092707801610e-001
 66    2.475000023842e-001  2.121710892022e-001
 67    2.512499988079e-001  2.150772056729e-001
 68    2.549999952316e-001  2.179854110628e-001
 69    2.587499916553e-001  2.208909451216e-001
 70    2.624999880791e-001  2.237881118059e-001
 71    2.662500143051e-001  2.266702953726e-001
 72    2.700000107288e-001  2.295301869512e-001
 73    2.737500071526e-001  2.323599930853e-001
 74    2.775000035763e-001  2.351516293734e-001
 75    2.812500000000e-001  2.378969727457e-001
 76    2.849999964237e-001  2.405881865323e-001
 77    2.887499928474e-001  2.432179150730e-001
 78    2.924999892712e-001  2.457796664536e-001
 79    2.962499856949e-001  2.482679518312e-001
 80    3.000000119209e-001  2.506786057353e-001
 81    3.037500083447e-001  2.530089373887e-001
 82    3.075000047684e-001  2.552579964697e-001
 83    3.112500011921e-001  2.574265031517e-001
 84    3.149999976158e-001  2.595171311498e-001
 85    3.187499940395e-001  2.615344171226e-001
 86    3.224999904633e-001  2.634847861528e-001
 87    3.262499868870e-001  2.653763878345e-001
 88    3.300000131130e-001  2.672189694643e-001
 89    3.337500095367e-001  2.690237505734e-001
 90    3.375000059605e-001  2.708030721545e-001
 91    3.412500023842e-001  2.725701121986e-001
 92    3.449999988079e-001  2.743385545909e-001
 93    3.487499952316e-001  2.761222296953e-001
 94    3.524999916553e-001  2.779347573221e-001
 95    3.562499880791e-001  2.797890911996e-001
 96    3.600000143051e-001  2.816972662508e-001
 97    3.637500107288e-001  2.836699584126e-001
 98    3.675000071526e-001  2.857161867619e-001
 99    3.712500035763e-001  2.878431871533e-001
 100    3.750000000000e-001  2.900560422242e-001
 101    3.787499964237e-001  2.923577703536e-001
 102    3.824999928474e-001  2.947489282489e-001
 103    3.862499892712e-001  2.972279949486e-001
 104    3.899999856949e-001  2.997910018265e-001
 105    3.937500119209e-001  3.024319641292e-001
 106    3.975000083447e-001  3.051426883042e-001
 107    4.012500047684e-001  3.079132145643e-001
 108    4.050000011921e-001  3.107317760587e-001
 109    4.087499976158e-001  3.135850617290e-001
 110    4.124999940395e-001  3.164584882557e-001
 111    4.162499904633e-001  3.193362298608e-001
 112    4.199999868870e-001  3.222017103434e-001
 113    4.237500131130e-001  3.250375328958e-001
 114    4.275000095367e-001  3.278259764612e-001
 115    4.312500059605e-001  3.305490711331e-001
 116    4.350000023842e-001  3.331890171766e-001
 117    4.387499988079e-001  3.357283142209e-001
 118    4.424999952316e-001  3.381501120329e-001
 119    4.462499916553e-001  3.404385444522e-001
 120    4.499999880791e-001  3.425789970160e-001
 121    4.537500143051e-001  3.445584365726e-001
 122    4.575000107288e-001  3.463657553494e-001
 123    4.612500071526e-001  3.479919832945e-001
 124    4.650000035763e-001  3.494306811690e-001
 125    4.687500000000e-001  3.506781543791e-001
 126    4.724999964237e-001  3.517336221039e-001
 127    4.762499928474e-001  3.525994820893e-001
 128    4.799999892712e-001  3.532813149691e-001
 129    4.837499856949e-001  3.537879438698e-001
 130    4.875000119209e-001  3.541315093637e-001
 131    4.912500083447e-001  3.543271206319e-001
 132    4.950000047684e-001  3.543928468227e-001
 133    4.987500011921e-001  3.543493792415e-001
 134    5.024999976158e-001  3.542196464539e-001
 135    5.062500238419e-001  3.540284121037e-001
 136    5.099999904633e-001  3.538018707931e-001
 137    5.137500166893e-001  3.535670623183e-001
 138    5.174999833107e-001  3.533514396846e-001
 139    5.212500095367e-001  3.531823150814e-001
 140    5.249999761581e-001  3.530864110589e-001
 141    5.287500023842e-001  3.530893194675e-001
 142    5.325000286102e-001  3.532151867449e-001
 143    5.362499952316e-001  3.534863251448e-001
 144    5.400000214577e-001  3.539228317142e-001
 145    5.437499880791e-001  3.545425263047e-001
 146    5.475000143051e-001  3.553605729342e-001
 147    5.512499809265e-001  3.563894927502e-001
 148    5.550000071526e-001  3.576390098035e-001
 149    5.587499737740e-001  3.591161067784e-001
 150    5.625000000000e-001  3.608249264956e-001
 151    5.662500262260e-001  3.627668021619e-001
 152    5.699999928474e-001  3.649403813481e-001
 153    5.737500190735e-001  3.673415726423e-001
 154    5.774999856949e-001  3.699637167156e-001
 155    5.812500119209e-001  3.727975420654e-001
 156    5.849999785423e-001  3.758313678205e-001
 157    5.887500047684e-001  3.790512238443e-001
 158    5.924999713898e-001  3.824409280717e-001
 159    5.962499976158e-001  3.859823128581e-001
 160    6.000000238419e-001  3.896554224193e-001
 161    6.037499904633e-001  3.934388458729e-001
 162    6.075000166893e-001  3.973100084066e-001
 163    6.112499833107e-001  4.012454812229e-001
 164    6.150000095367e-001  4.052213385701e-001
 165    6.187499761581e-001  4.092137521505e-001
 166    6.225000023842e-001  4.131992068887e-001
 167    6.262500286102e-001  4.171549348533e-001
 168    6.299999952316e-001  4.210594433546e-001
 169    6.337500214577e-001  4.248926855624e-001
 170    6.374999880791e-001  4.286364156008e-001
 171    6.412500143051e-001  4.322743014991e-001
 172    6.449999809265e-001  4.357921476662e-001
 173    6.487500071526e-001  4.391778343916e-001
 174    6.524999737740e-001  4.424212649465e-001
 175    6.562500000000e-001  4.455142945051e-001
 176    6.600000262260e-001  4.484503793716e-001
 177    6.637499928474e-001  4.512244746089e-001
 178    6.675000190735e-001  4.538327044249e-001
 179    6.712499856949e-001  4.562721247971e-001
 180    6.750000119209e-001  4.585403558612e-001
 181    6.787499785423e-001  4.606354574859e-001
 182    6.825000047684e-001  4.625556750596e-001
 183    6.862499713898e-001  4.642992982268e-001
 184    6.899999976158e-001  4.658645643294e-001
 185    6.937500238419e-001  4.672496329248e-001
 186    6.974999904633e-001  4.684524743259e-001
 187    7.012500166893e-001  4.694710791111e-001
 188    7.049999833107e-001  4.703032505512e-001
 189    7.087500095367e-001  4.709468568861e-001
 190    7.124999761581e-001  4.713998419046e-001
 191    7.162500023842e-001  4.716602206230e-001
 192    7.200000286102e-001  4.717262032628e-001
 193    7.237499952316e-001  4.715962082148e-001
 194    7.275000214577e-001  4.712689816952e-001
 195    7.312499880791e-001  4.707434886694e-001
 196    7.350000143051e-001  4.700191333890e-001
 197    7.387499809265e-001  4.690956416726e-001
 198    7.425000071526e-001  4.679732535779e-001
 199    7.462499737740e-001  4.666526421905e-001
 200    7.500000000000e-001  4.651351317763e-001
 201    7.537500262260e-001  4.634225377440e-001
 202    7.574999928474e-001  4.615174679458e-001
 203    7.612500190735e-001  4.594231347740e-001
 204    7.649999856949e-001  4.571434599161e-001
 205    7.687500119209e-001  4.546832136810e-001
 206    7.724999785423e-001  4.520477646589e-001
 207    7.762500047684e-001  4.492431503534e-001
 208    7.799999713898e-001  4.462760305405e-001
 209    7.837499976158e-001  4.431535200775e-001
 210    7.875000238419e-001  4.398831403255e-001
 211    7.912499904633e-001  4.364726370573e-001
 212    7.950000166893e-001  4.329298266768e-001
 213    7.987499833107e-001  4.292626135051e-001
 214    8.025000095367e-001  4.254786409438e-001
 215    8.062499761581e-001  4.215853986144e-001
 216    8.100000023842e-001  4.175899806619e-001
 217    8.137500286102e-001  4.134991516173e-001
 218    8.174999952316e-001  4.093192464113e-001
 219    8.212500214577e-001  4.050562059879e-001
 220    8.249999880791e-001  4.007155090570e-001
 221    8.287500143051e-001  3.963023965061e-001
 222    8.324999809265e-001  3.918218132854e-001
 223    8.362500071526e-001  3.872784790397e-001
 224    8.399999737740e-001  3.826769606769e-001
 225    8.437500000000e-001  3.780218496919e-001
 226    8.475000262260e-001  3.733176574111e-001
 227    8.512499928474e-001  3.685690225661e-001
 228    8.550000190735e-001  3.637805762887e-001
 229    8.587499856949e-001  3.589571030438e-001
 230    8.625000119209e-001  3.541034291685e-001
 231    8.662499785423e-001  3.492244723439e-001
 232    8.700000047684e-001  3.443250709772e-001
 233    8.737499713898e-001  3.394101125002e-001
 234    8.774999976158e-001  3.344844286144e-001
 235    8.812500238419e-001  3.295526655018e-001
 236    8.849999904633e-001  3.246193693578e-001
 237    8.887500166893e-001  3.196888475120e-001
 238    8.924999833107e-001  3.147652842104e-001
 239    8.962500095367e-001  3.098526445031e-001
 240    8.999999761581e-001  3.049546699226e-001
 241    9.037500023842e-001  3.000749750435e-001
 242    9.075000286102e-001  2.952169831097e-001
 243    9.112499952316e-001  2.903839711845e-001
 244    9.150000214577e-001  2.855791254342e-001
 245    9.187499880791e-001  2.808054901659e-001
 246    9.225000143051e-001  2.760660250485e-001
 247    9.262499809265e-001  2.713635368645e-001
 248    9.300000071526e-001  2.667008140683e-001
 249    9.337499737740e-001  2.620803764462e-001
 250    9.375000000000e-001  2.575047338754e-001
 251    9.412500262260e-001  2.529761357605e-001
 252    9.449999928474e-001  2.484966834635e-001
 253    9.487500190735e-001  2.440682637691e-001
 254    9.524999856949e-001  2.396925114095e-001
 255    9.562500119209e-001  2.353708196431e-001
 256    9.599999785423e-001  2.311043445766e-001
 257    9.637500047684e-001  2.268939547241e-001
 258    9.674999713898e-001  2.227402545512e-001
 259    9.712499976158e-001  2.186435695738e-001
 260    9.750000238419e-001  2.146039451659e-001
 261    9.787499904633e-001  2.106211871654e-001
 262    9.825000166893e-001  2.066948128492e-001
 263    9.862499833107e-001  2.028241203725e-001
 264    9.900000095367e-001  1.990081299096e-001
 265    9.937499761581e-001  1.952457131445e-001
 266    9.975000023842e-001  1.915355098993e-001
 267    1.001250028610e+000  1.878760232776e-001
 268    1.004999995232e+000  1.842656357586e-001
 269    1.008749961853e+000  1.807027151436e-001
 270    1.012500047684e+000  1.771855802089e-001
 271    1.016250014305e+000  1.737126174569e-001
 272    1.019999980927e+000  1.702823558450e-001
 273    1.023749947548e+000  1.668934819102e-001
 274    1.027500033379e+000  1.635449498147e-001
 275    1.031250000000e+000  1.602359931171e-001
 276    1.034999966621e+000  1.569662093371e-001
 277    1.038750052452e+000  1.537355417013e-001
 278    1.042500019073e+000  1.505443507433e-001
 279    1.046249985695e+000  1.473933330923e-001
 280    1.049999952316e+000  1.442835769802e-001
 281    1.053750038147e+000  1.412164618075e-001
 282    1.057500004768e+000  1.381936173141e-001
 283    1.061249971390e+000  1.352168423682e-001
 284    1.065000057220e+000  1.322880172729e-001
 285    1.068750023842e+000  1.294089838862e-001
 286    1.072499990463e+000  1.265814836323e-001
 287    1.076249957085e+000  1.238070280105e-001
 288    1.080000042915e+000  1.210867842287e-001
 289    1.083750009537e+000  1.184215222299e-001
 290    1.087499976158e+000  1.158115082607e-001
 291    1.091249942780e+000  1.132564627007e-001
 292    1.095000028610e+000  1.107555278763e-001
 293    1.098749995232e+000  1.083072280511e-001
 294    1.102499961853e+000  1.059094897285e-001
 295    1.106250047684e+000  1.035596549883e-001
 296    1.110000014305e+000  1.012545307353e-001
 297    1.113749980927e+000  9.899044480175e-002
 298    1.117499947548e+000  9.676333472133e-002
 299    1.121250033379e+000  9.456882413477e-002
 300    1.125000000000e+000  9.240231215954e-002
 301    1.128749966621e+000  9.025909893215e-002
 302    1.132500052452e+000  8.813445888460e-002
 303    1.136250019073e+000  8.602376423776e-002
 304    1.139999985695e+000  8.392256945372e-002
 305    1.143749952316e+000  8.182667322457e-002
 306    1.147500038147e+000  7.973222598433e-002
 307    1.151250004768e+000  7.763578169048e-002
 308    1.154999971390e+000  7.553431823850e-002
 309    1.158750057220e+000  7.342531111091e-002
 310    1.162500023842e+000  7.130673564970e-002
 311    1.166249990463e+000  6.917707715183e-002
 312    1.169999957085e+000  6.703534528613e-002
 313    1.173750042915e+000  6.488105978817e-002
 314    1.177500009537e+000  6.271424278617e-002
 315    1.181249976158e+000  6.053540401161e-002
 316    1.184999942780e+000  5.834552032873e-002
 317    1.188750028610e+000  5.614600347355e-002
 318    1.192499995232e+000  5.393869597465e-002
 319    1.196249961853e+000  5.172582304105e-002
 320    1.200000047684e+000  4.950997430831e-002
 321    1.203750014305e+000  4.729406671599e-002
 322    1.207499980927e+000  4.508129339665e-002
 323    1.211249947548e+000  4.287509316579e-002
 324    1.215000033379e+000  4.067909598351e-002
 325    1.218750000000e+000  3.849704625085e-002
 326    1.222499966621e+000  3.633276641369e-002
 327    1.226250052452e+000  3.419006211683e-002
 328    1.230000019073e+000  3.207266340032e-002
 329    1.233749985695e+000  2.998413970694e-002
 330    1.237499952316e+000  2.792783326469e-002
 331    1.241250038147e+000  2.590677944012e-002
 332    1.245000004768e+000  2.392364426516e-002
 333    1.248749971390e+000  2.198066097684e-002
 334    1.252500057220e+000  2.007959091105e-002
 335    1.256250023842e+000  1.822167730890e-002
 336    1.259999990463e+000  1.640762717463e-002
 337    1.263749957085e+000  1.463760890067e-002
 338    1.267500042915e+000  1.291124653071e-002
 339    1.271250009537e+000  1.122765006032e-002
 340    1.274999976158e+000  9.585444102995e-003
 341    1.278749942780e+000  7.982812323608e-003
 342    1.282500028610e+000  6.417552563362e-003
 343    1.286249995232e+000  4.887138602789e-003
 344    1.289999961853e+000  3.388785100542e-003
 345    1.293750047684e+000  1.919520002557e-003
 346    1.297500014305e+000  4.762551875319e-004
 347    1.301249980927e+000 -9.441428208083e-004
 348    1.304999947548e+000 -2.344783355948e-003
 349    1.308750033379e+000 -3.728686698050e-003
 350    1.312500000000e+000 -5.098722194380e-003
 351    1.316249966621e+000 -6.457552142674e-003
 352    1.320000052452e+000 -7.807582601672e-003
 353    1.323750019073e+000 -9.150914931670e-003
 354    1.327499985695e+000 -1.048930994468e-002
 355    1.331249952316e+000 -1.182415304706e-002
 356    1.335000038147e+000 -1.315642560367e-002
 357    1.338750004768e+000 -1.448668774683e-002
 358    1.342499971390e+000 -1.581506072544e-002
 359    1.346250057220e+000 -1.714122336823e-002
 360    1.350000023842e+000 -1.846440775786e-002
 361    1.353749990463e+000 -1.978342005983e-002
 362    1.357499957085e+000 -2.109664669260e-002
 363    1.361250042915e+000 -2.240209727548e-002
 364    1.365000009537e+000 -2.369743469171e-002
 365    1.368749976158e+000 -2.498003643006e-002
 366    1.372499942780e+000 -2.624705134891e-002
 367    1.376250028610e+000 -2.749547436833e-002
 368    1.379999995232e+000 -2.872222930193e-002
 369    1.383749961853e+000 -2.992426198907e-002
 370    1.387500047684e+000 -3.109862565063e-002
 371    1.391250014305e+000 -3.224258044735e-002
 372    1.394999980927e+000 -3.335368766449e-002
 373    1.398749947548e+000 -3.442989764735e-002
 374    1.402500033379e+000 -3.546961836517e-002
 375    1.406250000000e+000 -3.647179424763e-002
 376    1.409999966621e+000 -3.743595432490e-002
 377    1.413750052452e+000 -3.836223153397e-002
 378    1.417500019073e+000 -3.925139131024e-002
 379    1.421249985695e+000 -4.010481350124e-002
 380    1.424999952316e+000 -4.092445980757e-002
 381    1.428750038147e+000 -4.171284524724e-002
 382    1.432500004768e+000 -4.247295297682e-002
 383    1.436249971390e+000 -4.320816593245e-002
 384    1.440000057220e+000 -4.392217732966e-002
 385    1.443750023842e+000 -4.461890602484e-002
 386    1.447499990463e+000 -4.530237361789e-002
 387    1.451249957085e+000 -4.597664114088e-002
 388    1.455000042915e+000 -4.664569679648e-002
 389    1.458750009537e+000 -4.731338279322e-002
 390    1.462499976158e+000 -4.798333648592e-002
 391    1.466249942780e+000 -4.865891901776e-002
 392    1.470000028610e+000 -4.934318589047e-002
 393    1.473749995232e+000 -5.003885723650e-002
 394    1.477499961853e+000 -5.074830148369e-002
 395    1.481250047684e+000 -5.147353980690e-002
 396    1.485000014305e+000 -5.221625195816e-002
 397    1.488749980927e+000 -5.297779813409e-002
 398    1.492499947548e+000 -5.375923249871e-002
 399    1.496250033379e+000 -5.456132883206e-002
 400    1.500000000000e+000 -5.538460450247e-002
