0    0.000000000000e+000  0.000000000000e+000
 1    3.749999916181e-003 -3.750113729666e-006
 2    7.499999832362e-003 -1.496576887348e-005
 3    1.125000044703e-002 -3.361211915035e-005
 4    1.499999966472e-002 -5.965296273644e-005
 5    1.875000074506e-002 -9.304995099228e-005
 6    2.250000089407e-002 -1.337626617169e-004
 7    2.624999918044e-002 -1.817498495075e-004
 8    2.999999932945e-002 -2.369718271075e-004
 9    3.375000134110e-002 -2.993931878882e-004
 10    3.750000149012e-002 -3.689850917726e-004
 11    4.125000163913e-002 -4.457260449999e-004
 12    4.500000178814e-002 -5.295999400550e-004
 13    4.874999821186e-002 -6.205915624741e-004
 14    5.249999836087e-002 -7.186799845658e-004
 15    5.624999850988e-002 -8.238303594408e-004
 16    5.999999865890e-002 -9.359873825451e-004
 17    6.374999880791e-002 -1.055071506999e-003
 18    6.750000268221e-002 -1.180981128709e-003
 19    7.124999910593e-002 -1.313600636786e-003
 20    7.500000298023e-002 -1.452815994271e-003
 21    7.874999940395e-002 -1.598534455406e-003
 22    8.250000327826e-002 -1.750706124003e-003
 23    8.624999970198e-002 -1.909343416919e-003
 24    9.000000357628e-002 -2.074530509999e-003
 25    9.375000000000e-002 -2.246422545286e-003
 26    9.749999642372e-002 -2.425227341009e-003
 27    1.012500002980e-001 -2.611171040917e-003
 28    1.049999967217e-001 -2.804450865369e-003
 29    1.087500005960e-001 -3.005179549800e-003
 30    1.124999970198e-001 -3.213329025311e-003
 31    1.162500008941e-001 -3.428687828127e-003
 32    1.199999973178e-001 -3.650838363683e-003
 33    1.237500011921e-001 -3.879165354883e-003
 34    1.274999976158e-001 -4.112901259214e-003
 35    1.312499940395e-001 -4.351205774583e-003
 36    1.350000053644e-001 -4.593277073000e-003
 37    1.387500017881e-001 -4.838482374325e-003
 38    1.424999982119e-001 -5.086487717927e-003
 39    1.462499946356e-001 -5.337371195201e-003
 40    1.500000059605e-001 -5.591696628835e-003
 41    1.537500023842e-001 -5.850530206226e-003
 42    1.574999988079e-001 -6.115389789920e-003
 43    1.612499952316e-001 -6.388123496436e-003
 44    1.650000065565e-001 -6.670717617963e-003
 45    1.687500029802e-001 -6.965061631054e-003
 46    1.724999994040e-001 -7.272685358766e-003
 47    1.762499958277e-001 -7.594504461158e-003
 48    1.800000071526e-001 -7.930607791059e-003
 49    1.837500035763e-001 -8.280117292888e-003
 50    1.875000000000e-001 -8.641147622839e-003
 51    1.912499964237e-001 -9.010883155279e-003
 52    1.949999928474e-001 -9.385762121528e-003
 53    1.987500041723e-001 -9.761776151136e-003
 54    2.025000005960e-001 -1.013484065887e-002
 55    2.062499970198e-001 -1.050120803993e-002
 56    2.099999934435e-001 -1.085787840188e-002
 57    2.137500047684e-001 -1.120296325069e-002
 58    2.175000011921e-001 -1.153595783282e-002
 59    2.212499976158e-001 -1.185788935516e-002
 60    2.249999940395e-001 -1.217132579535e-002
 61    2.287500053644e-001 -1.248023794498e-002
 62    2.325000017881e-001 -1.278972169850e-002
 63    2.362499982119e-001 -1.310562626459e-002
 64    2.399999946356e-001 -1.343409830239e-002
 65    2.437500059605e-001 -1.378111719619e-002
 66    2.475000023842e-001 -1.415204219054e-002
 67    2.512499988079e-001 -1.455122631509e-002
 68    2.549999952316e-001 -1.498172352556e-002
 69    2.587499916553e-001 -1.544511325657e-002
 70    2.624999880791e-001 -1.594144086353e-002
 71    2.662500143051e-001 -1.646926375106e-002
 72    2.700000107288e-001 -1.702580429614e-002
 73    2.737500071526e-001 -1.760713978671e-002
 74    2.775000035763e-001 -1.820844285190e-002
 75    2.812500000000e-001 -1.882421066053e-002
 76    2.849999964237e-001 -1.944846977480e-002
 77    2.887499928474e-001 -2.007493448444e-002
 78    2.924999892712e-001 -2.069710887037e-002
 79    2.962499856949e-001 -2.130834124051e-002
 80    3.000000119209e-001 -2.190182985738e-002
 81    3.037500083447e-001 -2.247060521506e-002
 82    3.075000047684e-001 -2.300749552436e-002
 83    3.112500011921e-001 -2.350510481745e-002
 84    3.149999976158e-001 -2.395581335761e-002
 85    3.187499940395e-001 -2.435179405846e-002
 86    3.224999904633e-001 -2.468508151360e-002
 87    3.262499868870e-001 -2.494764924981e-002
 88    3.300000131130e-001 -2.513152010739e-002
 89    3.337500095367e-001 -2.522887793370e-002
 90    3.375000059605e-001 -2.523219138384e-002
 91    3.412500023842e-001 -2.513431651518e-002
 92    3.449999988079e-001 -2.492859383114e-002
 93    3.487499952316e-001 -2.460893796757e-002
 94    3.524999916553e-001 -2.416992579587e-002
 95    3.562499880791e-001 -2.360687891021e-002
 96    3.600000143051e-001 -2.291597682051e-002
 97    3.637500107288e-001 -2.209438594058e-002
 98    3.675000071526e-001 -2.114042107947e-002
 99    3.712500035763e-001 -2.005374088418e-002
 100    3.750000000000e-001 -1.883557050955e-002
 101    3.787499964237e-001 -1.748891943134e-002
 102    3.824999928474e-001 -1.601880517323e-002
 103    3.862499892712e-001 -1.443242631387e-002
 104    3.899999856949e-001 -1.273927857867e-002
 105    3.937500119209e-001 -1.095117012970e-002
 106    3.975000083447e-001 -9.082137101796e-003
 107    4.012500047684e-001 -7.148221191019e-003
 108    4.050000011921e-001 -5.167117650853e-003
 109    4.087499976158e-001 -3.157693831154e-003
 110    4.124999940395e-001 -1.139398501546e-003
 111    4.162499904633e-001  8.684194815578e-004
 112    4.199999868870e-001  2.847243921133e-003
 113    4.237500131130e-001  4.780141615774e-003
 114    4.275000095367e-001  6.652483111247e-003
 115    4.312500059605e-001  8.452598624863e-003
 116    4.350000023842e-001  1.017232111190e-002
 117    4.387499988079e-001  1.180738971569e-002
 118    4.424999952316e-001  1.335768391844e-002
 119    4.462499916553e-001  1.482725834940e-002
 120    4.499999880791e-001  1.622418722138e-002
 121    4.537500143051e-001  1.756020488217e-002
 122    4.575000107288e-001  1.885014522821e-002
 123    4.612500071526e-001  2.011123611592e-002
 124    4.650000035763e-001  2.136223589070e-002
 125    4.687500000000e-001  2.262248806655e-002
 126    4.724999964237e-001  2.391092407517e-002
 127    4.762499928474e-001  2.524508670904e-002
 128    4.799999892712e-001  2.664019943215e-002
 129    4.837499856949e-001  2.810838157311e-002
 130    4.875000119209e-001  2.965801147744e-002
 131    4.912500083447e-001  3.129331495613e-002
 132    4.950000047684e-001  3.301419371739e-002
 133    4.987500011921e-001  3.481628801674e-002
 134    5.024999976158e-001  3.669130776078e-002
 135    5.062500238419e-001  3.862757187337e-002
 136    5.099999904633e-001  4.061072997749e-002
 137    5.137500166893e-001  4.262462031096e-002
 138    5.174999833107e-001  4.465218236670e-002
 139    5.212500095367e-001  4.667639734223e-002
 140    5.249999761581e-001  4.868111295626e-002
 141    5.287500023842e-001  5.065179917961e-002
 142    5.325000286102e-001  5.257610339671e-002
 143    5.362499952316e-001  5.444419862702e-002
 144    5.400000214577e-001  5.624893279746e-002
 145    5.437499880791e-001  5.798575984314e-002
 146    5.475000143051e-001  5.965249402449e-002
 147    5.512499809265e-001  6.124890873209e-002
 148    5.550000071526e-001  6.277623604983e-002
 149    5.587499737740e-001  6.423664879054e-002
 150    5.625000000000e-001  6.563274666667e-002
 151    5.662500262260e-001  6.696707099676e-002
 152    5.699999928474e-001  6.824181001633e-002
 153    5.737500190735e-001  6.945856653154e-002
 154    5.774999856949e-001  7.061830181628e-002
 155    5.812500119209e-001  7.172141093761e-002
 156    5.849999785423e-001  7.276792999357e-002
 157    5.887500047684e-001  7.375782251358e-002
 158    5.924999713898e-001  7.469127163291e-002
 159    5.962499976158e-001  7.556903749704e-002
 160    6.000000238419e-001  7.639266353101e-002
 161    6.037499904633e-001  7.716467563063e-002
 162    6.075000166893e-001  7.788860138506e-002
 163    6.112499833107e-001  7.856889475137e-002
 164    6.150000095367e-001  7.921066876501e-002
 165    6.187499761581e-001  7.981935951859e-002
 166    6.225000023842e-001  8.040030233562e-002
 167    6.262500286102e-001  8.095822576433e-002
 168    6.299999952316e-001  8.149681489915e-002
 169    6.337500214577e-001  8.201828718185e-002
 170    6.374999880791e-001  8.252313520759e-002
 171    6.412500143051e-001  8.300994507968e-002
 172    6.449999809265e-001  8.347547858953e-002
 173    6.487500071526e-001  8.391486074775e-002
 174    6.524999737740e-001  8.432195425034e-002
 175    6.562500000000e-001  8.468991413713e-002
 176    6.600000262260e-001  8.501176480204e-002
 177    6.637499928474e-001  8.528105724603e-002
 178    6.675000190735e-001  8.549250278622e-002
 179    6.712499856949e-001  8.564250200987e-002
 180    6.750000119209e-001  8.572957400233e-002
 181    6.787499785423e-001  8.575457908213e-002
 182    6.825000047684e-001  8.572079483420e-002
 183    6.862499713898e-001  8.563376918435e-002
 184    6.899999976158e-001  8.550099145621e-002
 185    6.937500238419e-001  8.533146385103e-002
 186    6.974999904633e-001  8.513511925936e-002
 187    7.012500166893e-001  8.492220737040e-002
 188    7.049999833107e-001  8.470272377133e-002
 189    7.087500095367e-001  8.448580242693e-002
 190    7.124999761581e-001  8.427931308746e-002
 191    7.162500023842e-001  8.408947926015e-002
 192    7.200000286102e-001  8.392069522291e-002
 193    7.237499952316e-001  8.377545755357e-002
 194    7.275000214577e-001  8.365441773087e-002
 195    7.312499880791e-001  8.355654023588e-002
 196    7.350000143051e-001  8.347931794822e-002
 197    7.387499809265e-001  8.341904088855e-002
 198    7.425000071526e-001  8.337108094245e-002
 199    7.462499737740e-001  8.333012960851e-002
 200    7.500000000000e-001  8.329043455422e-002
 201    7.537500262260e-001  8.324597910047e-002
 202    7.574999928474e-001  8.319059528410e-002
 203    7.612500190735e-001  8.311812568456e-002
 204    7.649999856949e-001  8.302244614810e-002
 205    7.687500119209e-001  8.289756983519e-002
 206    7.724999785423e-001  8.273775115609e-002
 207    7.762500047684e-001  8.253756567836e-002
 208    7.799999713898e-001  8.229207929224e-002
 209    7.837499976158e-001  8.199703756720e-002
 210    7.875000238419e-001  8.164904717356e-002
 211    7.912499904633e-001  8.124584872276e-002
 212    7.950000166893e-001  8.078653074801e-002
 213    7.987499833107e-001  8.027175135911e-002
 214    8.025000095367e-001  7.970392890275e-002
 215    8.062499761581e-001  7.908734768629e-002
 216    8.100000023842e-001  7.842818330973e-002
 217    8.137500286102e-001  7.773444559425e-002
 218    8.174999952316e-001  7.701581325382e-002
 219    8.212500214577e-001  7.628333088011e-002
 220    8.249999880791e-001  7.554906737059e-002
 221    8.287500143051e-001  7.482563763857e-002
 222    8.324999809265e-001  7.412574544549e-002
 223    8.362500071526e-001  7.346160456538e-002
 224    8.399999737740e-001  7.284446600825e-002
 225    8.437500000000e-001  7.228413756937e-002
 226    8.475000262260e-001  7.178858350962e-002
 227    8.512499928474e-001  7.136359680444e-002
 228    8.550000190735e-001  7.101263634861e-002
 229    8.587499856949e-001  7.073672339320e-002
 230    8.625000119209e-001  7.053449068218e-002
 231    8.662499785423e-001  7.040228493512e-002
 232    8.700000047684e-001  7.033445723355e-002
 233    8.737499713898e-001  7.032359298319e-002
 234    8.774999976158e-001  7.036086477339e-002
 235    8.812500238419e-001  7.043638236821e-002
 236    8.849999904633e-001  7.053952623159e-002
 237    8.887500166893e-001  7.065927986056e-002
 238    8.924999833107e-001  7.078447140753e-002
 239    8.962500095367e-001  7.090407442302e-002
 240    8.999999761581e-001  7.100735239685e-002
 241    9.037500023842e-001  7.108408477157e-002
 242    9.075000286102e-001  7.112466704100e-002
 243    9.112499952316e-001  7.112026765943e-002
 244    9.150000214577e-001  7.106292333454e-002
 245    9.187499880791e-001  7.094569604844e-002
 246    9.225000143051e-001  7.076275680214e-002
 247    9.262499809265e-001  7.050951596349e-002
 248    9.300000071526e-001  7.018274459988e-002
 249    9.337499737740e-001  6.978066962212e-002
 250    9.375000000000e-001  6.930303696543e-002
 251    9.412500262260e-001  6.875115554780e-002
 252    9.449999928474e-001  6.812788140029e-002
 253    9.487500190735e-001  6.743753932416e-002
 254    9.524999856949e-001  6.668581306934e-002
 255    9.562500119209e-001  6.587954349816e-002
 256    9.599999785423e-001  6.502647507936e-002
 257    9.637500047684e-001  6.413502851501e-002
 258    9.674999713898e-001  6.321393437684e-002
 259    9.712499976158e-001  6.227195130661e-002
 260    9.750000238419e-001  6.131756139919e-002
 261    9.787499904633e-001  6.035868294537e-002
 262    9.825000166893e-001  5.940243747085e-002
 263    9.862499833107e-001  5.845497762784e-002
 264    9.900000095367e-001  5.752136044204e-002
 265    9.937499761581e-001  5.660551756620e-002
 266    9.975000023842e-001  5.571026338264e-002
 267    1.001250028610e+000  5.483736881986e-002
 268    1.004999995232e+000  5.398770719767e-002
 269    1.008749961853e+000  5.316138643771e-002
 270    1.012500047684e+000  5.235797444358e-002
 271    1.016250014305e+000  5.157666537911e-002
 272    1.019999980927e+000  5.081647027284e-002
 273    1.023749947548e+000  5.007638588548e-002
 274    1.027500033379e+000  4.935551846400e-002
 275    1.031250000000e+000  4.865318562835e-002
 276    1.034999966621e+000  4.796895939857e-002
 277    1.038750052452e+000  4.730266986415e-002
 278    1.042500019073e+000  4.665436897427e-002
 279    1.046249985695e+000  4.602424932644e-002
 280    1.049999952316e+000  4.541254343465e-002
 281    1.053750038147e+000  4.481937907636e-002
 282    1.057500004768e+000  4.424466131255e-002
 283    1.061249971390e+000  4.368793539703e-002
 284    1.065000057220e+000  4.314824992791e-002
 285    1.068750023842e+000  4.262409459800e-002
 286    1.072499990463e+000  4.211332374252e-002
 287    1.076249957085e+000  4.161316271871e-002
 288    1.080000042915e+000  4.112025135197e-002
 289    1.083750009537e+000  4.063074934296e-002
 290    1.087499976158e+000  4.014048060402e-002
 291    1.091249942780e+000  3.964515205473e-002
 292    1.095000028610e+000  3.914057851769e-002
 293    1.098749995232e+000  3.862294522114e-002
 294    1.102499961853e+000  3.808910331689e-002
 295    1.106250047684e+000  3.753681734204e-002
 296    1.110000014305e+000  3.696500857361e-002
 297    1.113749980927e+000  3.637394921854e-002
 298    1.117499947548e+000  3.576540344395e-002
 299    1.121250033379e+000  3.514267995954e-002
 300    1.125000000000e+000  3.451062317938e-002
 301    1.128749966621e+000  3.387551797554e-002
 302    1.132500052452e+000  3.324491285719e-002
 303    1.136250019073e+000  3.262738536112e-002
 304    1.139999985695e+000  3.203224226832e-002
 305    1.143749952316e+000  3.146919734776e-002
 306    1.147500038147e+000  3.094801651314e-002
 307    1.151250004768e+000  3.047819432802e-002
 308    1.154999971390e+000  3.006861759350e-002
 309    1.158750057220e+000  2.972730071284e-002
 310    1.162500023842e+000  2.946116628125e-002
 311    1.166249990463e+000  2.927586643025e-002
 312    1.169999957085e+000  2.917570336722e-002
 313    1.173750042915e+000  2.916357517242e-002
 314    1.177500009537e+000  2.924100724980e-002
 315    1.181249976158e+000  2.940820131451e-002
 316    1.184999942780e+000  2.966413808055e-002
 317    1.188750028610e+000  3.000668916851e-002
 318    1.192499995232e+000  3.043273327872e-002
 319    1.196249961853e+000  3.093827035278e-002
 320    1.200000047684e+000  3.151854063384e-002
 321    1.203750014305e+000  3.216808945872e-002
 322    1.207499980927e+000  3.288085938431e-002
 323    1.211249947548e+000  3.365022600628e-002
 324    1.215000033379e+000  3.446905150078e-002
 325    1.218750000000e+000  3.532971546985e-002
 326    1.222499966621e+000  3.622415524907e-002
 327    1.226250052452e+000  3.714391610585e-002
 328    1.230000019073e+000  3.808022129349e-002
 329    1.233749985695e+000  3.902404469438e-002
 330    1.237499952316e+000  3.996624671854e-002
 331    1.241250038147e+000  4.089770263992e-002
 332    1.245000004768e+000  4.180947288871e-002
 333    1.248749971390e+000  4.269298794679e-002
 334    1.252500057220e+000  4.354026186280e-002
 335    1.256250023842e+000  4.434408943169e-002
 336    1.259999990463e+000  4.509826988913e-002
 337    1.263749957085e+000  4.579779558815e-002
 338    1.267500042915e+000  4.643901967444e-002
 339    1.271250009537e+000  4.701981171966e-002
 340    1.274999976158e+000  4.753965288401e-002
 341    1.278749942780e+000  4.799967681058e-002
 342    1.282500028610e+000  4.840267569758e-002
 343    1.286249995232e+000  4.875304840505e-002
 344    1.289999961853e+000  4.905665890314e-002
 345    1.293750047684e+000  4.932069696486e-002
 346    1.297500014305e+000  4.955344536342e-002
 347    1.301249980927e+000  4.976402582601e-002
 348    1.304999947548e+000  4.996211342514e-002
 349    1.308750033379e+000  5.015765780583e-002
 350    1.312500000000e+000  5.036054903641e-002
 351    1.316249966621e+000  5.058035379276e-002
 352    1.320000052452e+000  5.082603018731e-002
 353    1.323750019073e+000  5.110570717603e-002
 354    1.327499985695e+000  5.142646726221e-002
 355    1.331249952316e+000  5.179421877488e-002
 356    1.335000038147e+000  5.221358032897e-002
 357    1.338750004768e+000  5.268783636391e-002
 358    1.342499971390e+000  5.321892511100e-002
 359    1.346250057220e+000  5.380748195574e-002
 360    1.350000023842e+000  5.445289643481e-002
 361    1.353749990463e+000  5.515341266990e-002
 362    1.357499957085e+000  5.590624283999e-002
 363    1.361250042915e+000  5.670770864934e-002
 364    1.365000009537e+000  5.755335684866e-002
 365    1.368749976158e+000  5.843812864274e-002
 366    1.372499942780e+000  5.935649227351e-002
 367    1.376250028610e+000  6.030259897932e-002
 368    1.379999995232e+000  6.127042068169e-002
 369    1.383749961853e+000  6.225392870605e-002
 370    1.387500047684e+000  6.324721993878e-002
 371    1.391250014305e+000  6.424468820915e-002
 372    1.394999980927e+000  6.524117561057e-002
 373    1.398749947548e+000  6.623211594298e-002
 374    1.402500033379e+000  6.721368536353e-002
 375    1.406250000000e+000  6.818291518837e-002
 376    1.409999966621e+000  6.913782181218e-002
 377    1.413750052452e+000  7.007747871801e-002
 378    1.417500019073e+000  7.100206529722e-002
 379    1.421249985695e+000  7.191290335730e-002
 380    1.424999952316e+000  7.281243115664e-002
 381    1.428750038147e+000  7.370415870100e-002
 382    1.432500004768e+000  7.459256429225e-002
 383    1.436249971390e+000  7.548301991075e-002
 384    1.440000057220e+000  7.638161335140e-002
 385    1.443750023842e+000  7.729501318187e-002
 386    1.447499990463e+000  7.823031064123e-002
 387    1.451249957085e+000  7.919486623257e-002
 388    1.455000042915e+000  8.019614465535e-002
 389    1.458750009537e+000  8.124160405248e-002
 390    1.462499976158e+000  8.233856987208e-002
 391    1.466249942780e+000  8.349413421005e-002
 392    1.470000028610e+000  8.471511881799e-002
 393    1.473749995232e+000  8.600799053907e-002
 394    1.477499961853e+000  8.737885195762e-002
 395    1.481250047684e+000  8.883336283267e-002
 396    1.485000014305e+000  9.037676546723e-002
 397    1.488749980927e+000  9.201379653066e-002
 398    1.492499947548e+000  9.374866388738e-002
 399    1.496250033379e+000  9.558493763208e-002
 400    1.500000000000e+000  9.752551633865e-002