 0    0.000000000000e+000  0.000000000000e+000
 1    3.749999916181e-003  6.361073728840e-006
 2    7.499999832362e-003  2.316019510545e-005
 3    1.125000044703e-002  4.765904452142e-005
 4    1.499999966472e-002  7.767540155328e-005
 5    1.875000074506e-002  1.114784375750e-004
 6    2.250000089407e-002  1.477026812063e-004
 7    2.624999918044e-002  1.852768947720e-004
 8    2.999999932945e-002  2.233650550625e-004
 9    3.375000134110e-002  2.613178867614e-004
 10    3.750000149012e-002  2.986339543713e-004
 11    4.125000163913e-002  3.349295664520e-004
 12    4.500000178814e-002  3.699168535240e-004
 13    4.874999821186e-002  4.033890286519e-004
 14    5.249999836087e-002  4.352108255262e-004
 15    5.624999850988e-002  4.653122565651e-004
 16    5.999999865890e-002  4.936829814687e-004
 17    6.374999880791e-002  5.203648502356e-004
 18    6.750000268221e-002  5.454411270330e-004
 19    7.124999910593e-002  5.690208176384e-004
 20    7.500000298023e-002  5.912195763085e-004
 21    7.874999940395e-002  6.121382059064e-004
 22    8.250000327826e-002  6.318430224201e-004
 23    8.624999970198e-002  6.503500440158e-004
 24    9.000000357628e-002  6.676194080501e-004
 25    9.375000000000e-002  6.835602174397e-004
 26    9.749999642372e-002  6.980492465664e-004
 27    1.012500002980e-001  7.109610157204e-004
 28    1.049999967217e-001  7.222065227688e-004
 29    1.087500005960e-001  7.317749166396e-004
 30    1.124999970198e-001  7.397701908485e-004
 31    1.162500008941e-001  7.464352119132e-004
 32    1.199999973178e-001  7.521571262623e-004
 33    1.237500011921e-001  7.574471042608e-004
 34    1.274999976158e-001  7.628951341030e-004
 35    1.312499940395e-001  7.691012075520e-004
 36    1.350000053644e-001  7.765898914658e-004
 37    1.387500017881e-001  7.857195357792e-004
 38    1.424999982119e-001  7.965986832278e-004
 39    1.462499946356e-001  8.090239984449e-004
 40    1.500000059605e-001  8.224525340484e-004
 41    1.537500023842e-001  8.360172761604e-004
 42    1.574999988079e-001  8.485908081639e-004
 43    1.612499952316e-001  8.588942070492e-004
 44    1.650000065565e-001  8.656430029077e-004
 45    1.687500029802e-001  8.677146228729e-004
 46    1.724999994040e-001  8.643179849605e-004
 47    1.762499958277e-001  8.551436374546e-004
 48    1.800000071526e-001  8.404724515276e-004
 49    1.837500035763e-001  8.212256871047e-004
 50    1.875000000000e-001  7.989439833909e-004
 51    1.912499964237e-001  7.756920871907e-004
 52    1.949999928474e-001  7.538939584629e-004
 53    1.987500041723e-001  7.361124566523e-004
 54    2.025000005960e-001  7.247952074977e-004
 55    2.062499970198e-001  7.220135620446e-004
 56    2.099999934435e-001  7.292224920820e-004
 57    2.137500047684e-001  7.470695825759e-004
 58    2.175000011921e-001  7.752753296518e-004
 59    2.212499976158e-001  8.125989040127e-004
 60    2.249999940395e-001  8.568965375889e-004
 61    2.287500053644e-001  9.052661663736e-004
 62    2.325000017881e-001  9.542657187558e-004
 63    2.362499982119e-001  1.000182552380e-003
 64    2.399999946356e-001  1.039327273320e-003
 65    2.437500059605e-001  1.068323121872e-003
 66    2.475000023842e-001  1.084364298440e-003
 67    2.512499988079e-001  1.085419695592e-003
 68    2.549999952316e-001  1.070367325156e-003
 69    2.587499916553e-001  1.039051551779e-003
 70    2.624999880791e-001  9.922643032041e-004
 71    2.662500143051e-001  9.316608731751e-004
 72    2.700000107288e-001  8.596232914715e-004
 73    2.737500071526e-001  7.790924963774e-004
 74    2.775000035763e-001  6.933886659681e-004
 75    2.812500000000e-001  6.060376908863e-004
 76    2.849999964237e-001  5.206205145805e-004
 77    2.887499928474e-001  4.406540046330e-004
 78    2.924999892712e-001  3.695084346691e-004
 79    2.962499856949e-001  3.103602022748e-004
 80    3.000000119209e-001  2.661742680357e-004
 81    3.037500083447e-001  2.397076939815e-004
 82    3.075000047684e-001  2.335239303648e-004
 83    3.112500011921e-001  2.500094458810e-004
 84    3.149999976158e-001  2.913832472404e-004
 85    3.187499940395e-001  3.596970281797e-004
 86    3.224999904633e-001  4.568221193040e-004
 87    3.262499868870e-001  5.844269093359e-004
 88    3.300000131130e-001  7.439474191051e-004
 89    3.337500095367e-001  9.365568135399e-004
 90    3.375000059605e-001  1.163140050485e-003
 91    3.412500023842e-001  1.424276514445e-003
 92    3.449999988079e-001  1.720235410612e-003
 93    3.487499952316e-001  2.050982379587e-003
 94    3.524999916553e-001  2.416196495760e-003
 95    3.562499880791e-001  2.815294307657e-003
 96    3.600000143051e-001  3.247454419034e-003
 97    3.637500107288e-001  3.711640031543e-003
 98    3.675000071526e-001  4.206613772549e-003
 99    3.712500035763e-001  4.730940638110e-003
 100    3.750000000000e-001  5.282982557546e-003
 101    3.787499964237e-001  5.860883423593e-003
 102    3.824999928474e-001  6.462549453136e-003
 103    3.862499892712e-001  7.085627431516e-003
 104    3.899999856949e-001  7.727494747378e-003
 105    3.937500119209e-001  8.385254787281e-003
 106    3.975000083447e-001  9.055753978901e-003
 107    4.012500047684e-001  9.735618829727e-003
 108    4.050000011921e-001  1.042131035589e-002
 109    4.087499976158e-001  1.110919759609e-002
 110    4.124999940395e-001  1.179564979393e-002
 111    4.162499904633e-001  1.247713560704e-002
 112    4.199999868870e-001  1.315032138489e-002
 113    4.237500131130e-001  1.381217764691e-002
 114    4.275000095367e-001  1.446006147191e-002
 115    4.312500059605e-001  1.509179454762e-002
 116    4.350000023842e-001  1.570571651682e-002
 117    4.387499988079e-001  1.630072126165e-002
 118    4.424999952316e-001  1.687626408413e-002
 119    4.462499916553e-001  1.743236002512e-002
 120    4.499999880791e-001  1.796954641119e-002
 121    4.537500143051e-001  1.848884194158e-002
 122    4.575000107288e-001  1.899168700911e-002
 123    4.612500071526e-001  1.947985929437e-002
 124    4.650000035763e-001  1.995540293865e-002
 125    4.687500000000e-001  2.042052903213e-002
 126    4.724999964237e-001  2.087752478197e-002
 127    4.762499928474e-001  2.132865985855e-002
 128    4.799999892712e-001  2.177609141916e-002
 129    4.837499856949e-001  2.222178562544e-002
 130    4.875000119209e-001  2.266743144020e-002
 131    4.912500083447e-001  2.311438989826e-002
 132    4.950000047684e-001  2.356364671141e-002
 133    4.987500011921e-001  2.401578995399e-002
 134    5.024999976158e-001  2.447101859376e-002
 135    5.062500238419e-001  2.492915342562e-002
 136    5.099999904633e-001  2.538968912326e-002
 137    5.137500166893e-001  2.585185565986e-002
 138    5.174999833107e-001  2.631468720734e-002
 139    5.212500095367e-001  2.677710773423e-002
 140    5.249999761581e-001  2.723800900392e-002
 141    5.287500023842e-001  2.769631535746e-002
 142    5.325000286102e-001  2.815105489455e-002
 143    5.362499952316e-001  2.860138593242e-002
 144    5.400000214577e-001  2.904662598856e-002
 145    5.437499880791e-001  2.948623667471e-002
 146    5.475000143051e-001  2.991980672814e-002
 147    5.512499809265e-001  3.034700777382e-002
 148    5.550000071526e-001  3.076754540205e-002
 149    5.587499737740e-001  3.118110423908e-002
 150    5.625000000000e-001  3.158729968593e-002
 151    5.662500262260e-001  3.198563674465e-002
 152    5.699999928474e-001  3.237548857927e-002
 153    5.737500190735e-001  3.275610426441e-002
 154    5.774999856949e-001  3.312661407515e-002
 155    5.812500119209e-001  3.348609682173e-002
 156    5.849999785423e-001  3.383361559361e-002
 157    5.887500047684e-001  3.416830226779e-002
 158    5.924999713898e-001  3.448943596333e-002
 159    5.962499976158e-001  3.479650087655e-002
 160    6.000000238419e-001  3.508924767375e-002
 161    6.037499904633e-001  3.536773817614e-002
 162    6.075000166893e-001  3.563234619796e-002
 163    6.112499833107e-001  3.588375298306e-002
 164    6.150000095367e-001  3.612289464101e-002
 165    6.187499761581e-001  3.635090550408e-002
 166    6.225000023842e-001  3.656902087852e-002
 167    6.262500286102e-001  3.677849823609e-002
 168    6.299999952316e-001  3.698050795123e-002
 169    6.337500214577e-001  3.717605978251e-002
 170    6.374999880791e-001  3.736591637135e-002
 171    6.412500143051e-001  3.755055522546e-002
 172    6.449999809265e-001  3.773015165702e-002
 173    6.487500071526e-001  3.790457343683e-002
 174    6.524999737740e-001  3.807342326269e-002
 175    6.562500000000e-001  3.823610369116e-002
 176    6.600000262260e-001  3.839187990874e-002
 177    6.637499928474e-001  3.853996502236e-002
 178    6.675000190735e-001  3.867960950360e-002
 179    6.712499856949e-001  3.881017602980e-002
 180    6.750000119209e-001  3.893118945882e-002
 181    6.787499785423e-001  3.904240224510e-002
 182    6.825000047684e-001  3.914379635826e-002
 183    6.862499713898e-001  3.923560569063e-002
 184    6.899999976158e-001  3.931828103960e-002
 185    6.937500238419e-001  3.939246956259e-002
 186    6.974999904633e-001  3.945897309110e-002
 187    7.012500166893e-001  3.951868506148e-002
 188    7.049999833107e-001  3.957255393267e-002
 189    7.087500095367e-001  3.962153483182e-002
 190    7.124999761581e-001  3.966653561220e-002
 191    7.162500023842e-001  3.970839090645e-002
 192    7.200000286102e-001  3.974783575162e-002
 193    7.237499952316e-001  3.978548204526e-002
 194    7.275000214577e-001  3.982180869207e-002
 195    7.312499880791e-001  3.985715223476e-002
 196    7.350000143051e-001  3.989170024171e-002
 197    7.387499809265e-001  3.992550993338e-002
 198    7.425000071526e-001  3.995848312974e-002
 199    7.462499737740e-001  3.999040601775e-002
 200    7.500000000000e-001  4.002093341202e-002
 201    7.537500262260e-001  4.004961945117e-002
 202    7.574999928474e-001  4.007593285292e-002
 203    7.612500190735e-001  4.009927367792e-002
 204    7.649999856949e-001  4.011901693419e-002
 205    7.687500119209e-001  4.013452747837e-002
 206    7.724999785423e-001  4.014520464465e-002
 207    7.762500047684e-001  4.015051053837e-002
 208    7.799999713898e-001  4.015000686049e-002
 209    7.837499976158e-001  4.014337820932e-002
 210    7.875000238419e-001  4.013047389686e-002
 211    7.912499904633e-001  4.011130535975e-002
 212    7.950000166893e-001  4.008607842028e-002
 213    7.987499833107e-001  4.005518049002e-002
 214    8.025000095367e-001  4.001917973161e-002
 215    8.062499761581e-001  3.997881202027e-002
 216    8.100000023842e-001  3.993494754657e-002
 217    8.137500286102e-001  3.988857453689e-002
 218    8.174999952316e-001  3.984073948115e-002
 219    8.212500214577e-001  3.979250520468e-002
 220    8.249999880791e-001  3.974491404369e-002
 221    8.287500143051e-001  3.969893312082e-002
 222    8.324999809265e-001  3.965539751574e-002
 223    8.362500071526e-001  3.961498461664e-002
 224    8.399999737740e-001  3.957815458998e-002
 225    8.437500000000e-001  3.954515337944e-002
 226    8.475000262260e-001  3.951597342268e-002
 227    8.512499928474e-001  3.949035154656e-002
 228    8.550000190735e-001  3.946778632700e-002
 229    8.587499856949e-001  3.944753250107e-002
 230    8.625000119209e-001  3.942864794284e-002
 231    8.662499785423e-001  3.941000357270e-002
 232    8.700000047684e-001  3.939031988382e-002
 233    8.737499713898e-001  3.936819445342e-002
 234    8.774999976158e-001  3.934214062989e-002
 235    8.812500238419e-001  3.931060537696e-002
 236    8.849999904633e-001  3.927199888974e-002
 237    8.887500166893e-001  3.922471856698e-002
 238    8.924999833107e-001  3.916716361418e-002
 239    8.962500095367e-001  3.909775936976e-002
 240    8.999999761581e-001  3.901497533545e-002
 241    9.037500023842e-001  3.891734788194e-002
 242    9.075000286102e-001  3.880351329222e-002
 243    9.112499952316e-001  3.867222512141e-002
 244    9.150000214577e-001  3.852239420637e-002
 245    9.187499880791e-001  3.835310734808e-002
 246    9.225000143051e-001  3.816366683692e-002
 247    9.262499809265e-001  3.795360643417e-002
 248    9.300000071526e-001  3.772270128131e-002
 249    9.337499737740e-001  3.747097961605e-002
 250    9.375000000000e-001  3.719873400405e-002
 251    9.412500262260e-001  3.690647725016e-002
 252    9.449999928474e-001  3.659495549276e-002
 253    9.487500190735e-001  3.626510092989e-002
 254    9.524999856949e-001  3.591801283881e-002
 255    9.562500119209e-001  3.555491786450e-002
 256    9.599999785423e-001  3.517714563757e-002
 257    9.637500047684e-001  3.478610191494e-002
 258    9.674999713898e-001  3.438323356211e-002
 259    9.712499976158e-001  3.397002890706e-002
 260    9.750000238419e-001  3.354799106717e-002
 261    9.787499904633e-001  3.311862809584e-002
 262    9.825000166893e-001  3.268345838413e-002
 263    9.862499833107e-001  3.224398909137e-002
 264    9.900000095367e-001  3.180171428248e-002
 265    9.937499761581e-001  3.135810801759e-002
 266    9.975000023842e-001  3.091460650787e-002
 267    1.001250028610e+000  3.047259634361e-002
 268    1.004999995232e+000  3.003340385854e-002
 269    1.008749961853e+000  2.959826665930e-002
 270    1.012500047684e+000  2.916833017021e-002
 271    1.016250014305e+000  2.874462492764e-002
 272    1.019999980927e+000  2.832806991413e-002
 273    1.023749947548e+000  2.791945988312e-002
 274    1.027500033379e+000  2.751947256736e-002
 275    1.031250000000e+000  2.712868177332e-002
 276    1.034999966621e+000  2.674756927416e-002
 277    1.038750052452e+000  2.637654793449e-002
 278    1.042500019073e+000  2.601598054171e-002
 279    1.046249985695e+000  2.566620866768e-002
 280    1.049999952316e+000  2.532756789587e-002
 281    1.053750038147e+000  2.500041482039e-002
 282    1.057500004768e+000  2.468513758853e-002
 283    1.061249971390e+000  2.438215938397e-002
 284    1.065000057220e+000  2.409194923937e-002
 285    1.068750023842e+000  2.381500641815e-002
 286    1.072499990463e+000  2.355185104534e-002
 287    1.076249957085e+000  2.330300956964e-002
 288    1.080000042915e+000  2.306898401119e-002
 289    1.083750009537e+000  2.285023342818e-002
 290    1.087499976158e+000  2.264714797027e-002
 291    1.091249942780e+000  2.246002163738e-002
 292    1.095000028610e+000  2.228903251700e-002
 293    1.098749995232e+000  2.213424023241e-002
 294    1.102499961853e+000  2.199556161650e-002
 295    1.106250047684e+000  2.187278809957e-002
 296    1.110000014305e+000  2.176558045670e-002
 297    1.113749980927e+000  2.167350034229e-002
 298    1.117499947548e+000  2.159602323547e-002
 299    1.121250033379e+000  2.153256433085e-002
 300    1.125000000000e+000  2.148251899518e-002
 301    1.128749966621e+000  2.144527721219e-002
 302    1.132500052452e+000  2.142026935704e-002
 303    1.136250019073e+000  2.140697394498e-002
 304    1.139999985695e+000  2.140494261868e-002
 305    1.143749952316e+000  2.141380639747e-002
 306    1.147500038147e+000  2.143328090198e-002
 307    1.151250004768e+000  2.146315806545e-002
 308    1.154999971390e+000  2.150329384953e-002
 309    1.158750057220e+000  2.155359181575e-002
 310    1.162500023842e+000  2.161397852935e-002
 311    1.166249990463e+000  2.168437808752e-002
 312    1.169999957085e+000  2.176469350234e-002
 313    1.173750042915e+000  2.185477801599e-002
 314    1.177500009537e+000  2.195442507043e-002
 315    1.181249976158e+000  2.206334770657e-002
 316    1.184999942780e+000  2.218117363751e-002
 317    1.188750028610e+000  2.230744443834e-002
 318    1.192499995232e+000  2.244162539952e-002
 319    1.196249961853e+000  2.258310913108e-002
 320    1.200000047684e+000  2.273124334402e-002
 321    1.203750014305e+000  2.288533896208e-002
 322    1.207499980927e+000  2.304470727220e-002
 323    1.211249947548e+000  2.320867124945e-002
 324    1.215000033379e+000  2.337660348974e-002
 325    1.218750000000e+000  2.354793314822e-002
 326    1.222499966621e+000  2.372217519209e-002
 327    1.226250052452e+000  2.389893947169e-002
 328    1.230000019073e+000  2.407793753780e-002
 329    1.233749985695e+000  2.425898210146e-002
 330    1.237499952316e+000  2.444199346006e-002
 331    1.241250038147e+000  2.462697745301e-002
 332    1.245000004768e+000  2.481401999481e-002
 333    1.248749971390e+000  2.500326626003e-002
 334    1.252500057220e+000  2.519490425475e-002
 335    1.256250023842e+000  2.538914093748e-002
 336    1.259999990463e+000  2.558618032373e-002
 337    1.263749957085e+000  2.578621201217e-002
 338    1.267500042915e+000  2.598937502131e-002
 339    1.271250009537e+000  2.619576313533e-002
 340    1.274999976158e+000  2.640539192595e-002
 341    1.278749942780e+000  2.661819824018e-002
 342    1.282500028610e+000  2.683403110132e-002
 343    1.286249995232e+000  2.705264396034e-002
 344    1.289999961853e+000  2.727370658889e-002
 345    1.293750047684e+000  2.749679598026e-002
 346    1.297500014305e+000  2.772142221220e-002
 347    1.301249980927e+000  2.794703072868e-002
 348    1.304999947548e+000  2.817302715033e-002
 349    1.308750033379e+000  2.839880007319e-002
 350    1.312500000000e+000  2.862374230288e-002
 351    1.316249966621e+000  2.884727284312e-002
 352    1.320000052452e+000  2.906887122430e-002
 353    1.323750019073e+000  2.928808774799e-002
 354    1.327499985695e+000  2.950457114726e-002
 355    1.331249952316e+000  2.971807708964e-002
 356    1.335000038147e+000  2.992848421447e-002
 357    1.338750004768e+000  3.013579212129e-002
 358    1.342499971390e+000  3.034012830816e-002
 359    1.346250057220e+000  3.054174003191e-002
 360    1.350000023842e+000  3.074098628946e-002
 361    1.353749990463e+000  3.093833073042e-002
 362    1.357499957085e+000  3.113433102146e-002
 363    1.361250042915e+000  3.132961947471e-002
 364    1.365000009537e+000  3.152490451932e-002
 365    1.368749976158e+000  3.172093868256e-002
 366    1.372499942780e+000  3.191853426397e-002
 367    1.376250028610e+000  3.211851870641e-002
 368    1.379999995232e+000  3.232174750417e-002
 369    1.383749961853e+000  3.252907615155e-002
 370    1.387500047684e+000  3.274135617539e-002
 371    1.391250014305e+000  3.295941194519e-002
 372    1.394999980927e+000  3.318402493373e-002
 373    1.398749947548e+000  3.341592518613e-002
 374    1.402500033379e+000  3.365576518700e-002
 375    1.406250000000e+000  3.390410466120e-002
 376    1.409999966621e+000  3.416140414774e-002
 377    1.413750052452e+000  3.442800607532e-002
 378    1.417500019073e+000  3.470412088558e-002
 379    1.421249985695e+000  3.498983820900e-002
 380    1.424999952316e+000  3.528510769829e-002
 381    1.428750038147e+000  3.558975206688e-002
 382    1.432500004768e+000  3.590347964317e-002
 383    1.436249971390e+000  3.622588437051e-002
 384    1.440000057220e+000  3.655646797270e-002
 385    1.443750023842e+000  3.689465112984e-002
 386    1.447499990463e+000  3.723980771378e-002
 387    1.451249957085e+000  3.759125962853e-002
 388    1.455000042915e+000  3.794830491766e-002
 389    1.458750009537e+000  3.831024359912e-002
 390    1.462499976158e+000  3.867636270821e-002
 391    1.466249942780e+000  3.904597107321e-002
 392    1.470000028610e+000  3.941838905215e-002
 393    1.473749995232e+000  3.979295339435e-002
 394    1.477499961853e+000  4.016901507974e-002
 395    1.481250047684e+000  4.054593103006e-002
 396    1.485000014305e+000  4.092306086794e-002
 397    1.488749980927e+000  4.129975706339e-002
 398    1.492499947548e+000  4.167535418645e-002
 399    1.496250033379e+000  4.204916175455e-002
 400    1.500000000000e+000  4.242046520114e-002