-1.89869038047519e-07
-1.44277855151920e-06
-4.67460986941504e-06
-1.06679463725001e-05
-2.00845695685903e-05
-3.34773347617778e-05
-5.13014642894438e-05
-7.39252839676574e-05
-0.000101640417891957
-0.000134671447924117
-0.000173185036947521
-0.000217298509244901
-0.000267087877122818
-0.000322595300137563
-0.000383835961966117
-0.000450804350051071
-0.000523479924581793
-0.000601832166067795
-0.000685824994589579
-0.000775420558646434
-0.000870582397180963
-0.000971277984654573
-0.00107748067576652
-0.00118917107332872
-0.00130633784969603
-0.00142897805879927
-0.00155709698199424
-0.00169070755647405
-0.00182982943968213
-0.00197448776690767
-0.00212471166191719
-0.00228053256202232
-0.00244198241936355
-0.00260909183941094
-0.00278188821577052
-0.00296039391741443
-0.00314462458048981
-0.00333458755202942
-0.00353028052728654
-0.00373169041618948
-0.00393879246768392
-0.00415154967364417
-0.00436991246673124
-0.00459381871918274
-0.00482319404219223
-0.00505795237838491
-0.00529799687305377
-0.00554322100340943
-0.00579350993922867
-0.00604874210308393
-0.00630879089390657
-0.00657352653477128
-0.00684281800357489
-0.00711653500063936
-0.00739454990455246
-0.00767673967499061
-0.00796298765918635
-0.00825318526149799
-0.00854723343934949
-0.00884504399350994
-0.00914654061936726
-0.00945165969795969
-0.00976035081429694
-0.0100725769937771
-0.0103883146523263
-0.0107075532645184
-0.0110302947604126
-0.0113565526685396
-0.0116863510279502
-0.0120197230972381
-0.0123567098929454
-0.0126973585932181
-0.0130417208441578
-0.0133898510070671
-0.0137418043898896
-0.0140976355068978
-0.0144573964015273
-0.0148211350692586
-0.0151888940143100
-0.0155607089702419
-0.0159366078103358
-0.0163166096688849
-0.0167007242893750
-0.0170889516101931
-0.0174812815930669
-0.0178776942938867
-0.0182781601701428
-0.0186826406139711
-0.0190910886948569
-0.0195034500915390
-0.0199196641886954
-0.0203396653103436
-0.0207633840591339
-0.0211907487285808
-0.0216216867539112
-0.0220561261666289
-0.0224939970181397
-0.0229352327388288
-0.0233797714008477
-0.0238275568554782
-0.0242785397192624
-0.0247326781870298
-0.0251899386544159
-0.0256502961373395
-0.0261137344810574
-0.0265802463567030
-0.0270498330485023
-0.0275225040399932
-0.0279982764124265
-0.0284771740729575
-0.0289592268341432
-0.0294444693695359
-0.0299329400727507
-0.0304246798492150
-0.0309197308708646
-0.0314181353243295
-0.0319199341826335
-0.0324251660280921
-0.0329338659513359
-0.0334460645536751
-0.0339617870799381
-0.0344810526948749
-0.0350038739176992
-0.0355302562251102
-0.0360601978289814
-0.0365936896306843
-0.0371307153498466
-0.0376712518213073
-0.0382152694502043
-0.0387627328115909
-0.0393136013778047
-0.0398678303540534
-0.0404253716004170
-0.0409861746167068
-0.0415501875654332
-0.0421173583075349
-0.0426876354255552
-0.0432609692095491
-0.0438373125822326
-0.0444166219416539
-0.0449988579019776
-0.0455839859157357
-0.0461719767640711
-0.0467628069049813
-0.0473564586732769
-0.0479529203288686
-0.0485521859521918
-0.0491542551872080
-0.0497591328590039
-0.0503668284693015
-0.0509773555847446
-0.0515907311341687
-0.0522069746340740
-0.0528261073629476
-0.0534481515059037
-0.0540731292913537
-0.0547010621410885
-0.0553319698542889
-0.0559658698446225
-0.0566027764477723
-0.0572427003145647
-0.0578856479028140
-0.0585316210785597
-0.0591806168331707
-0.0598326271174513
-0.0604876387974485
-0.0611456337355965
-0.0618065890043333
-0.0624704771875932
-0.0631372667700731
-0.0638069226118248
-0.0644794064942520
-0.0651546777225497
-0.0658326937689077
-0.0665134109401920
-0.0671967850535868
-0.0678827721039170
-0.0685713289072187
-0.0692624137062609
-0.0699559867243261
-0.0706520106540923
-0.0713504510729691
-0.0720512767771468
-0.0727544600288882
-0.0734599767139288
-0.0741678064081985
-0.0748779323553850
-0.0755903413590507
-0.0763050235950513
-0.0770219723518044
-0.0777411837075086
-0.0784626561546529
-0.0791863901830769
-0.0799123878334231
-0.0806406522330588
-0.0813711871264479
-0.0821039964115394
-0.0828390836930327
-0.0835764518624333
-0.0843161027136207
-0.0850580366012721
-0.0858022521480011
-0.0865487460044899
-0.0872975126652849
-0.0880485443413122
-0.0888018308886187
-0.0895573597913683
-0.0903151161957738
-0.0910750829904534
-0.0918372409276744
-0.0926015687791362
-0.0933680435193247
-0.0941366405290973
-0.0949073338119916
-0.0956800962158224
-0.0964548996524176
-0.0972317153088312
-0.0980105138440557
-0.0987912655660951
-0.0995739405852425
-0.100358508940492
-0.101144940697185
-0.101933206015177
-0.102723275187811
-0.103515118653323
-0.104308706981348
-0.105104010838034
-0.105901000934056
-0.106699647960420
-0.107499922517318
-0.108301795041506
-0.109105235737625
-0.109910214518661
-0.110716700960307
-0.111524664272159
-0.112334073286876
-0.113144896468563
-0.113957101955484
-0.114770657628930
-0.115585531207453
-0.116401690364864
-0.117219102869331
-0.118037736739893
-0.118857560416529
-0.119678542938966
-0.120500654128826
-0.121323864769433