0.00484339971387771
0.00968573652314175
0.0145260954248099
0.0193636960875216
0.0241978808750865
0.0290281033871009
0.0338539174838828
0.0386749667746085
0.0434909745577279
0.0483017342115888
0.0531071000407914
0.0579069785901185
0.0627013204428906
0.0674901125242735
0.0722733709323389
0.0770511343205367
0.0818234578546930
0.0865904077656905
0.0913520565157171
0.0961084785914683
0.100859746932084
0.105605929993084
0.110347089440337
0.115083278460353
0.119814540665204
0.124540909562411
0.129262408552355
0.133979051408536
0.138690843189428
0.143397781524990
0.148099858216266
0.152797061083063
0.157489375992447
0.162176788999932
0.166859288535605
0.171536867569150
0.176209525690626
0.180877271047975
0.185540122087335
0.190198109048336
0.194851275173433
0.199499677597880
0.204143387895057
0.208782492260293
0.213417091325042
0.218047299601984
0.222673244570327
0.227295065418992
0.231912911473454
0.236526940339441
0.241137315803504
0.245744205535584
0.250347778643191
0.254948203133956
0.259545643348012
0.264140257415307
0.268732194796775
0.273321593966626
0.277908580289934
0.282493264145386
0.287075739342718
0.291656081873820
0.296234349023059
0.300810578858642
0.305384790121699
0.309956982517231
0.314527137401772
0.319095218852720
0.323661175095644
0.328224940257605
0.332786436406736
0.337345575831851
0.341902263510700
0.346456399711854
0.351007882670096
0.355556611273390
0.360102487703132
0.364645419968750
0.369185324280455
0.373722127207876
0.378255767577278
0.382786198066061
0.387313386460131
0.391837316547255
0.396357988627583
0.400875419630986
0.405389642839549
0.409900707222273
0.414408676397627
0.418913627247858
0.423415648216710
0.427914837329519
0.432411299981005
0.436905146541517
0.441396489836896
0.445885442560282
0.450372114676120
0.454856610877123
0.459339028154066
0.463819453535982
0.468297962054599
0.472774614981812
0.477249458382683
0.481722522019070
0.486193818630689
0.490663343611376
0.495131075088816
0.499596974406277
0.504060986995188
0.508523043617940
0.512983061951468
0.517440948473965
0.521896600610000
0.526349909083234
0.530800760421238
0.535249039553529
0.539694632442064
0.544137428683716
0.548577324025995
0.553014222736195
0.557448039765651
0.561878702663116
0.566306153193639
0.570730348626387
0.575151262662343
0.579568885981294
0.583983226396123
0.588394308611386
0.592802173592078
0.597206877557425
0.601608490623020
0.606007095122748
0.610402783649303
0.614795656858689
0.619185821089693
0.623573385853826
0.627958461254417
0.632341155395382
0.636721571840709
0.641099807184645
0.645475948790181
0.649850072749542
0.654222242115152
0.658592505443142
0.662960895683868
0.667327429446007
0.671692106652527
0.676054910598386
0.680415808397927
0.684774751814313
0.689131678448915
0.693486513261513
0.697839170383328
0.702189555177942
0.706537566499425
0.710883099092577
0.715226046077153
0.719566301456376
0.723903762589938
0.728238332572970
0.732569922465205
0.736898453318118
0.741223857952764
0.745546082448364
0.749865087310645
0.754180848291478
0.758493356839065
0.762802620162732
0.767108660935193
0.771411516635439
0.775711238543950
0.780007890415713
0.784301546863847
0.788592291493280
0.792880214829871
0.797165412095227
0.801447980881179
0.805728018779987
0.810005621027319
0.814280878215682
0.818553874135680
0.822824683796120
0.827093371671106
0.831359990216665
0.835624578692805
0.839887162319282
0.844147751785076
0.848406343122712
0.852662917949501
0.856917444068596
0.861169876413896
0.865420158314310
0.869668223045121
0.873913995627276
0.878157394829510
0.882398335323522
0.886636729939006
0.890872491963225
0.895105537429102
0.899335787336466
0.903563169753002
0.907787621744705
0.912009091089915
0.916227537736445
0.920442934967498
0.924655270249082
0.928864545739199
0.933070778446994
0.937274000038266
0.941474256291980
0.945671606220495
0.949866120874098
0.954057881857740
0.958246979594638
0.962433511377368
0.966617579252102
0.970799287785688
0.974978741768116
0.979156043904586
0.983331292551732
0.987504579551637
0.991675988215002
0.995845591501343
1.00001345043947
1.00417961282553
1.00834411222919
1.01250696733094
1.01666818160535
1.02082774335673
1.02498562610478
1.02914178930954
1.03329617941643
1.03744873119474
1.04159936933571
1.04574801027137
1.04989456417100
1.05403893706752
1.05818103305354
1.06232075650006
1.06645801424588
1.07059271770637
1.07472478485350
1.07885414202246
1.08298072550329
1.08710448288287
1.09122537410892
1.09534337225428