   636.293925     0.699222
   752.891743     0.720787
   871.377561     0.742690
   795.280624     0.764526
   747.686221     0.786496
   594.499978     0.808399
   459.024789     0.830395
   345.762809     0.852306
   261.615561     0.874301
   183.677404     0.896215
   118.208276     0.918202
    59.742595     0.940122
     3.341066     0.962097
   -40.968796     0.984025
   -97.151952     1.005985
  -132.948978     1.027926
  -198.004835     1.049865
  -236.457029     1.071826
  -318.316112     1.093741
  -354.814577     1.115733
  -400.024294     1.137612
  -428.057930     1.159667
  -400.224711     1.181477
  -463.596989     1.203592
  -401.879490     1.225310
  -463.876706     1.247552
