   608.007089     0.681495
   503.593656     0.695969
   532.880399     0.710635
   456.359794     0.725052
   507.652306     0.739667
   453.066475     0.754136
   458.824206     0.768733
   407.989944     0.783238
   396.447709     0.797829
   352.518940     0.812342
   340.510756     0.826929
   300.844053     0.841447
   290.996519     0.856030
   254.190928     0.870550
   246.499368     0.885130
   211.940334     0.899653
   205.742064     0.914228
   173.040013     0.928753
   167.648633     0.943325
   136.481115     0.957852
   131.309656     0.972419
   101.409657     0.986949
    95.966269     1.001512
    67.160320     1.016043
    60.993983     1.030603
    33.323560     1.045136
    26.025616     1.059693
     0.037838     1.074226
    -8.679184     1.088782
   -31.486816     1.103316
   -41.785196     1.117871
   -58.791456     1.132405
   -71.506626     1.146963
   -78.735413     1.161495
   -97.342033     1.176059
   -93.935335     1.190585
  -121.157166     1.205151
   -87.756926     1.219677
   -63.633139     1.234266
