 2
X
Y
Displacement X Node 1838 : Time
 301
 0    0.000000000000e+000  0.000000000000e+000
 1    4.999999888241e-003  1.801793825251e-009
 2    9.999999776483e-003  1.795364923396e-008
 3    1.499999966472e-002  9.334932116190e-008
 4    1.999999955297e-002  3.376163704161e-007
 5    2.500000037253e-002  9.535565936858e-007
 6    2.999999932945e-002  2.236934278699e-006
 7    3.500000014901e-002  4.525531949184e-006
 8    3.999999910593e-002  8.094714758045e-006
 9    4.500000178814e-002  1.302703822148e-005
 10    5.000000074506e-002  1.911046820169e-005
 11    5.499999970198e-002  2.582745401014e-005
 12    5.999999865890e-002  3.247606582590e-005
 13    6.499999761581e-002  3.841829311568e-005
 14    7.000000029802e-002  4.339616498328e-005
 15    7.500000298023e-002  4.781658572028e-005
 16    7.999999821186e-002  5.290025728755e-005
 17    8.500000089407e-002  6.062538159313e-005
 18    9.000000357628e-002  7.346280472120e-005
 19    9.499999880791e-002  9.397257235833e-005
 20    1.000000014901e-001  1.243846199941e-004
 21    1.049999967217e-001  1.662979484536e-004
 22    1.099999994040e-001  2.205968630733e-004
 23    1.150000020862e-001  2.876125217881e-004
 24    1.199999973178e-001  3.674778272398e-004
 25    1.250000000000e-001  4.605626454577e-004
 26    1.299999952316e-001  5.678544403054e-004
 27    1.350000053644e-001  6.911725504324e-004
 28    1.400000005960e-001  8.331610588357e-004
 29    1.449999958277e-001  9.970765095204e-004
 30    1.500000059605e-001  1.186443376355e-003
 31    1.550000011921e-001  1.404684153385e-003
 32    1.599999964237e-001  1.654822495766e-003
 33    1.650000065565e-001  1.939328387380e-003
 34    1.700000017881e-001  2.260121749714e-003
 35    1.749999970198e-001  2.618707483634e-003
 36    1.800000071526e-001  3.016382688656e-003
 37    1.850000023842e-001  3.454448888078e-003
 38    1.899999976158e-001  3.934373613447e-003
 39    1.949999928474e-001  4.457871429622e-003
 40    2.000000029802e-001  5.026901140809e-003
 41    2.049999982119e-001  5.643594078720e-003
 42    2.099999934435e-001  6.310147233307e-003
 43    2.150000035763e-001  7.028700318187e-003
 44    2.199999988079e-001  7.801224943250e-003
 45    2.249999940395e-001  8.629435673356e-003
 46    2.300000041723e-001  9.514724835753e-003
 47    2.349999994040e-001  1.045811828226e-002
 48    2.399999946356e-001  1.146026048809e-002
 49    2.450000047684e-001  1.252141408622e-002
 50    2.500000000000e-001  1.364148873836e-002
 51    2.549999952316e-001  1.482008211315e-002
 52    2.599999904633e-001  1.605654507875e-002
 53    2.649999856949e-001  1.735005900264e-002
 54    2.700000107288e-001  1.869970373809e-002
 55    2.750000059605e-001  2.010452374816e-002
 56    2.800000011921e-001  2.156355604529e-002
 57    2.849999964237e-001  2.307584136724e-002
 58    2.899999916553e-001  2.464038692415e-002
 59    2.949999868870e-001  2.625611238182e-002
 60    3.000000119209e-001  2.792178653181e-002
 61    3.050000071526e-001  2.963596023619e-002
 62    3.100000023842e-001  3.139691427350e-002
 63    3.149999976158e-001  3.320265933871e-002
 64    3.199999928474e-001  3.505093976855e-002
 65    3.249999880791e-001  3.693930059671e-002
 66    3.300000131130e-001  3.886515274644e-002
 67    3.350000083447e-001  4.082586243749e-002
 68    3.400000035763e-001  4.281883314252e-002
 69    3.449999988079e-001  4.484156891704e-002
 70    3.499999940395e-001  4.689170792699e-002
 71    3.549999892712e-001  4.896703362465e-002
 72    3.600000143051e-001  5.106547102332e-002
 73    3.650000095367e-001  5.318504571915e-002
 74    3.700000047684e-001  5.532385408878e-002
 75    3.750000000000e-001  5.748003721237e-002
 76    3.799999952316e-001  5.965174362063e-002
 77    3.849999904633e-001  6.183711811900e-002
 78    3.899999856949e-001  6.403432041407e-002
 79    3.950000107288e-001  6.624152511358e-002
 80    4.000000059605e-001  6.845696270466e-002
 81    4.050000011921e-001  7.067897170782e-002
 82    4.099999964237e-001  7.290600240231e-002
 83    4.149999916553e-001  7.513671368361e-002
 84    4.199999868870e-001  7.736997306347e-002
 85    4.250000119209e-001  7.960491627455e-002
 86    4.300000071526e-001  8.184092491865e-002
 87    4.350000023842e-001  8.407767862082e-002
 88    4.399999976158e-001  8.631508052349e-002
 89    4.449999928474e-001  8.855323493481e-002
 90    4.499999880791e-001  9.079241752625e-002
 91    4.550000131130e-001  9.303296357393e-002
 92    4.600000083447e-001  9.527525305748e-002
 93    4.650000035763e-001  9.751965850592e-002
 94    4.699999988079e-001  9.976649284363e-002
 95    4.749999940395e-001  1.020160466433e-001
 96    4.799999892712e-001  1.042685732245e-001
 97    4.850000143051e-001  1.065243631601e-001
 98    4.900000095367e-001  1.087837889791e-001
 99    4.950000047684e-001  1.110473498702e-001
 100    5.000000000000e-001  1.133157163858e-001
 101    5.049999952316e-001  1.155897527933e-001
 102    5.099999904633e-001  1.178705096245e-001
 103    5.149999856949e-001  1.201591938734e-001
 104    5.199999809265e-001  1.224571093917e-001
 105    5.249999761581e-001  1.247655972838e-001
 106    5.299999713898e-001  1.270859986544e-001
 107    5.350000262260e-001  1.294195353985e-001
 108    5.400000214577e-001  1.317673623562e-001
 109    5.450000166893e-001  1.341304779053e-001
 110    5.500000119209e-001  1.365097314119e-001
 111    5.550000071526e-001  1.389059126377e-001
 112    5.600000023842e-001  1.413197368383e-001
 113    5.649999976158e-001  1.437518894672e-001
 114    5.699999928474e-001  1.462030857801e-001
 115    5.749999880791e-001  1.486741006374e-001
 116    5.799999833107e-001  1.511657983065e-001
 117    5.849999785423e-001  1.536791473627e-001
 118    5.899999737740e-001  1.562151908875e-001
 119    5.950000286102e-001  1.587750762701e-001
 120    6.000000238419e-001  1.613600105047e-001
 121    6.050000190735e-001  1.639712005854e-001
 122    6.100000143051e-001  1.666098833084e-001
 123    6.150000095367e-001  1.692772805691e-001
 124    6.200000047684e-001  1.719745397568e-001
 125    6.250000000000e-001  1.747027188540e-001
 126    6.299999952316e-001  1.774628460407e-001
 127    6.349999904633e-001  1.802558153868e-001
 128    6.399999856949e-001  1.830824613571e-001
 129    6.449999809265e-001  1.859434992075e-001
 130    6.499999761581e-001  1.888396441936e-001
 131    6.549999713898e-001  1.917714923620e-001
 132    6.600000262260e-001  1.947396248579e-001
 133    6.650000214577e-001  1.977446079254e-001
 134    6.700000166893e-001  2.007869631052e-001
 135    6.750000119209e-001  2.038672268391e-001
 136    6.800000071526e-001  2.069858908653e-001
 137    6.850000023842e-001  2.101434618235e-001
 138    6.899999976158e-001  2.133404314518e-001
 139    6.949999928474e-001  2.165772765875e-001
 140    6.999999880791e-001  2.198544442654e-001
 141    7.049999833107e-001  2.231723368168e-001
 142    7.099999785423e-001  2.265313118696e-001
 143    7.149999737740e-001  2.299316972494e-001
 144    7.200000286102e-001  2.333737462759e-001
 145    7.250000238419e-001  2.368575930595e-001
 146    7.300000190735e-001  2.403833717108e-001
 147    7.350000143051e-001  2.439510375261e-001
 148    7.400000095367e-001  2.475605010986e-001
 149    7.450000047684e-001  2.512115836143e-001
 150    7.500000000000e-001  2.549039721489e-001
 151    7.549999952316e-001  2.586373090744e-001
 152    7.599999904633e-001  2.624111771584e-001
 153    7.649999856949e-001  2.662250697613e-001
 154    7.699999809265e-001  2.700785100460e-001
 155    7.749999761581e-001  2.739710211754e-001
 156    7.799999713898e-001  2.779020667076e-001
 157    7.850000262260e-001  2.818712294102e-001
 158    7.900000214577e-001  2.858780622482e-001
 159    7.950000166893e-001  2.899221777916e-001
 160    8.000000119209e-001  2.940032482147e-001
 161    8.050000071526e-001  2.981208562851e-001
 162    8.100000023842e-001  3.022746741772e-001
 163    8.149999976158e-001  3.064642846584e-001
 164    8.199999928474e-001  3.106892108917e-001
 165    8.249999880791e-001  3.149489164352e-001
 166    8.299999833107e-001  3.192428052425e-001
 167    8.349999785423e-001  3.235702216625e-001
 168    8.399999737740e-001  3.279303312302e-001
 169    8.450000286102e-001  3.323223888874e-001
 170    8.500000238419e-001  3.367455303669e-001
 171    8.550000190735e-001  3.411988914013e-001
 172    8.600000143051e-001  3.456816077232e-001
 173    8.650000095367e-001  3.501928746700e-001
 174    8.700000047684e-001  3.547318577766e-001
 175    8.750000000000e-001  3.592978417873e-001
 176    8.799999952316e-001  3.638900220394e-001
 177    8.849999904633e-001  3.685076534748e-001
 178    8.899999856949e-001  3.731499016285e-001
 179    8.949999809265e-001  3.778158724308e-001
 180    8.999999761581e-001  3.825045228004e-001
 181    9.049999713898e-001  3.872147202492e-001
 182    9.100000262260e-001  3.919451534748e-001
 183    9.150000214577e-001  3.966943323612e-001
 184    9.200000166893e-001  4.014606475830e-001
 185    9.250000119209e-001  4.062423408031e-001
 186    9.300000071526e-001  4.110376536846e-001
 187    9.350000023842e-001  4.158447384834e-001
 188    9.399999976158e-001  4.206617474556e-001
 189    9.449999928474e-001  4.254869818687e-001
 190    9.499999880791e-001  4.303187429905e-001
 191    9.549999833107e-001  4.351554214954e-001
 192    9.599999785423e-001  4.399955272675e-001
 193    9.649999737740e-001  4.448377192020e-001
 194    9.700000286102e-001  4.496805667877e-001
 195    9.750000238419e-001  4.545228481293e-001
 196    9.800000190735e-001  4.593631923199e-001
 197    9.850000143051e-001  4.642003178596e-001
 198    9.900000095367e-001  4.690328240395e-001
 199    9.950000047684e-001  4.738593995571e-001
 200    1.000000000000e+000  4.786785840988e-001
 201    1.004999995232e+000  4.834890067577e-001
 202    1.009999990463e+000  4.882892966270e-001
 203    1.014999985695e+000  4.930782020092e-001
 204    1.019999980927e+000  4.978545308113e-001
 205    1.024999976158e+000  5.026173591614e-001
 206    1.029999971390e+000  5.073660016060e-001
 207    1.034999966621e+000  5.120999217033e-001
 208    1.039999961853e+000  5.168188810349e-001
 209    1.044999957085e+000  5.215229988098e-001
 210    1.049999952316e+000  5.262125730515e-001
 211    1.054999947548e+000  5.308881998062e-001
 212    1.059999942780e+000  5.355506539345e-001
 213    1.065000057220e+000  5.402007699013e-001
 214    1.070000052452e+000  5.448396205902e-001
 215    1.075000047684e+000  5.494683980942e-001
 216    1.080000042915e+000  5.540881156921e-001
 217    1.085000038147e+000  5.587000846863e-001
 218    1.090000033379e+000  5.633053183556e-001
 219    1.095000028610e+000  5.679050087929e-001
 220    1.100000023842e+000  5.725002288818e-001
 221    1.105000019073e+000  5.770919919014e-001
 222    1.110000014305e+000  5.816811919212e-001
 223    1.115000009537e+000  5.862687230110e-001
 224    1.120000004768e+000  5.908554196358e-001
 225    1.125000000000e+000  5.954419970512e-001
 226    1.129999995232e+000  6.000291705132e-001
 227    1.134999990463e+000  6.046175956726e-001
 228    1.139999985695e+000  6.092079281807e-001
 229    1.144999980927e+000  6.138009428978e-001
 230    1.149999976158e+000  6.183973550797e-001
 231    1.154999971390e+000  6.229982376099e-001
 232    1.159999966621e+000  6.276048421860e-001
 233    1.164999961853e+000  6.322187185287e-001
 234    1.169999957085e+000  6.368418335915e-001
 235    1.174999952316e+000  6.414766311646e-001
 236    1.179999947548e+000  6.461260318756e-001
 237    1.184999942780e+000  6.507933735847e-001
 238    1.190000057220e+000  6.554825305939e-001
 239    1.195000052452e+000  6.601977348328e-001
 240    1.200000047684e+000  6.649435162544e-001
 241    1.205000042915e+000  6.697247028351e-001
 242    1.210000038147e+000  6.745459437370e-001
 243    1.215000033379e+000  6.794119477272e-001
 244    1.220000028610e+000  6.843270063400e-001
 245    1.225000023842e+000  6.892951726913e-001
 246    1.230000019073e+000  6.943197846413e-001
 247    1.235000014305e+000  6.994036436081e-001
 248    1.240000009537e+000  7.045487761497e-001
 249    1.245000004768e+000  7.097565531731e-001
 250    1.250000000000e+000  7.150276303291e-001
 251    1.254999995232e+000  7.203620672226e-001
 252    1.259999990463e+000  7.257593274117e-001
 253    1.264999985695e+000  7.312183976173e-001
 254    1.269999980927e+000  7.367380857468e-001
 255    1.274999976158e+000  7.423169016838e-001
 256    1.279999971390e+000  7.479534745216e-001
 257    1.284999966621e+000  7.536463737488e-001
 258    1.289999961853e+000  7.593946456909e-001
 259    1.294999957085e+000  7.651975750923e-001
 260    1.299999952316e+000  7.710549235344e-001
 261    1.304999947548e+000  7.769670486450e-001
 262    1.309999942780e+000  7.829349637032e-001
 263    1.315000057220e+000  7.889601588249e-001
 264    1.320000052452e+000  7.950447201729e-001
 265    1.325000047684e+000  8.011913895607e-001
 266    1.330000042915e+000  8.074031472206e-001
 267    1.335000038147e+000  8.136832714081e-001
 268    1.340000033379e+000  8.200350403786e-001
 269    1.345000028610e+000  8.264615535736e-001
 270    1.350000023842e+000  8.329655528069e-001
 271    1.355000019073e+000  8.395491838455e-001
 272    1.360000014305e+000  8.462137579918e-001
 273    1.365000009537e+000  8.529597520828e-001
 274    1.370000004768e+000  8.597865104675e-001
 275    1.375000000000e+000  8.666924834251e-001
 276    1.379999995232e+000  8.736751079559e-001
 277    1.384999990463e+000  8.807309269905e-001
 278    1.389999985695e+000  8.878558278084e-001
 279    1.394999980927e+000  8.950451612473e-001
 280    1.399999976158e+000  9.022939801216e-001
 281    1.404999971390e+000  9.095969796181e-001
 282    1.409999966621e+000  9.169492125511e-001
 283    1.414999961853e+000  9.243457913399e-001
 284    1.419999957085e+000  9.317821860313e-001
 285    1.424999952316e+000  9.392544031143e-001
 286    1.429999947548e+000  9.467589855194e-001
 287    1.434999942780e+000  9.542931914330e-001
 288    1.440000057220e+000  9.618548750877e-001
 289    1.445000052452e+000  9.694425463676e-001
 290    1.450000047684e+000  9.770553112030e-001
 291    1.455000042915e+000  9.846928119659e-001
 292    1.460000038147e+000  9.923549294472e-001
 293    1.465000033379e+000  1.000041842461e+000
 294    1.470000028610e+000  1.007753729820e+000
 295    1.475000023842e+000  1.015490889549e+000
 296    1.480000019073e+000  1.023253321648e+000
 297    1.485000014305e+000  1.031040787697e+000
 298    1.490000009537e+000  1.038853049278e+000
 299    1.495000004768e+000  1.046689271927e+000
 300    1.500000000000e+000  1.054548740387e+000
X
Y
Displacement Y Node 1838 : Time
 301
 0    0.000000000000e+000  0.000000000000e+000
 1    4.999999888241e-003  3.076034427174e-010
 2    9.999999776483e-003  3.001765502830e-009
 3    1.499999966472e-002  1.514361969157e-008
 4    1.999999955297e-002  5.241673761702e-008
 5    2.500000037253e-002  1.387366808103e-007
 6    2.999999932945e-002  2.948348480913e-007
 7    3.500000014901e-002  5.092515493743e-007
 8    3.999999910593e-002  6.899792879267e-007
 9    4.500000178814e-002  6.034653665665e-007
 10    5.000000074506e-002 -1.832162723758e-007
 11    5.499999970198e-002 -2.335780891372e-006
 12    5.999999865890e-002 -6.742406185367e-006
 13    6.499999761581e-002 -1.445077123208e-005
 14    7.000000029802e-002 -2.656014839886e-005
 15    7.500000298023e-002 -4.409360190039e-005
 16    7.999999821186e-002 -6.788683094783e-005
 17    8.500000089407e-002 -9.853061055765e-005
 18    9.000000357628e-002 -1.363915653201e-004
 19    9.499999880791e-002 -1.817138690967e-004
 20    1.000000014901e-001 -2.347793779336e-004
 21    1.049999967217e-001 -2.960838610306e-004
 22    1.099999994040e-001 -3.664789837785e-004
 23    1.150000020862e-001 -4.472378350329e-004
 24    1.199999973178e-001 -5.400225636549e-004
 25    1.250000000000e-001 -6.467612693086e-004
 26    1.299999952316e-001 -7.694674422964e-004
 27    1.350000053644e-001 -9.100512834266e-004
 28    1.400000005960e-001 -1.070174621418e-003
 29    1.449999958277e-001 -1.251185429282e-003
 30    1.500000059605e-001 -1.454146462493e-003
 31    1.550000011921e-001 -1.679941662587e-003
 32    1.599999964237e-001 -1.929426682182e-003
 33    1.650000065565e-001 -2.203575568274e-003
 34    1.700000017881e-001 -2.503580413759e-003
 35    1.749999970198e-001 -2.830877900124e-003
 36    1.800000071526e-001 -3.187093418092e-003
 37    1.850000023842e-001 -3.573924535885e-003
 38    1.899999976158e-001 -3.992988727987e-003
 39    1.949999928474e-001 -4.445681814104e-003
 40    2.000000029802e-001 -4.933073651046e-003
 41    2.049999982119e-001 -5.455865059048e-003
 42    2.099999934435e-001 -6.014409475029e-003
 43    2.150000035763e-001 -6.608784198761e-003
 44    2.199999988079e-001 -7.238887716085e-003
 45    2.249999940395e-001 -7.904533296824e-003
 46    2.300000041723e-001 -8.605512790382e-003
 47    2.349999994040e-001 -9.341622702777e-003
 48    2.399999946356e-001 -1.011263672262e-002
 49    2.450000047684e-001 -1.091824937612e-002
 50    2.500000000000e-001 -1.175799500197e-002
 51    2.549999952316e-001 -1.263117976487e-002
 52    2.599999904633e-001 -1.353683508933e-002
 53    2.649999856949e-001 -1.447371114045e-002
 54    2.700000107288e-001 -1.544031687081e-002
 55    2.750000059605e-001 -1.643499359488e-002
 56    2.800000011921e-001 -1.745600812137e-002
 57    2.849999964237e-001 -1.850165799260e-002
 58    2.899999916553e-001 -1.957035996020e-002
 59    2.949999868870e-001 -2.066069096327e-002
 60    3.000000119209e-001 -2.177142538130e-002
 61    3.050000071526e-001 -2.290150895715e-002
 62    3.100000023842e-001 -2.405001781881e-002
 63    3.149999976158e-001 -2.521610632539e-002
 64    3.199999928474e-001 -2.639895305037e-002
 65    3.249999880791e-001 -2.759770490229e-002
 66    3.300000131130e-001 -2.881145477295e-002
 67    3.350000083447e-001 -3.003921732306e-002
 68    3.400000035763e-001 -3.127991780639e-002
 69    3.449999988079e-001 -3.253238648176e-002
 70    3.499999940395e-001 -3.379533067346e-002
 71    3.549999892712e-001 -3.506733104587e-002
 72    3.600000143051e-001 -3.634680807590e-002
 73    3.650000095367e-001 -3.763198107481e-002
 74    3.700000047684e-001 -3.892088308930e-002
 75    3.750000000000e-001 -4.021135345101e-002
 76    3.799999952316e-001 -4.150108993053e-002
 77    3.849999904633e-001 -4.278771579266e-002
 78    3.899999856949e-001 -4.406888782978e-002
 79    3.950000107288e-001 -4.534240067005e-002
 80    4.000000059605e-001 -4.660630598664e-002
 81    4.050000011921e-001 -4.785900563002e-002
 82    4.099999964237e-001 -4.909931868315e-002
 83    4.149999916553e-001 -5.032650381327e-002
 84    4.199999868870e-001 -5.154024437070e-002
 85    4.250000119209e-001 -5.274062231183e-002
 86    4.300000071526e-001 -5.392803251743e-002
 87    4.350000023842e-001 -5.510311573744e-002
 88    4.399999976158e-001 -5.626668781042e-002
 89    4.449999928474e-001 -5.741966515779e-002
 90    4.499999880791e-001 -5.856303498149e-002
 91    4.550000131130e-001 -5.969780683517e-002
 92    4.600000083447e-001 -6.082500144839e-002
 93    4.650000035763e-001 -6.194561719894e-002
 94    4.699999988079e-001 -6.306061893702e-002
 95    4.749999940395e-001 -6.417090445757e-002
 96    4.799999892712e-001 -6.527725607157e-002
 97    4.850000143051e-001 -6.638032197952e-002
 98    4.900000095367e-001 -6.748056411743e-002
 99    4.950000047684e-001 -6.857822835445e-002
 100    5.000000000000e-001 -6.967336684465e-002
 101    5.049999952316e-001 -7.076580822468e-002
 102    5.099999904633e-001 -7.185523957014e-002
 103    5.149999856949e-001 -7.294124364853e-002
 104    5.199999809265e-001 -7.402339577675e-002
 105    5.249999761581e-001 -7.510133832693e-002
 106    5.299999713898e-001 -7.617487758398e-002
 107    5.350000262260e-001 -7.724405825138e-002
 108    5.400000214577e-001 -7.830920070410e-002
 109    5.450000166893e-001 -7.937095314264e-002
 110    5.500000119209e-001 -8.043026924133e-002
 111    5.550000071526e-001 -8.148840814829e-002
 112    5.600000023842e-001 -8.254686743021e-002
 113    5.649999976158e-001 -8.360734581947e-002
 114    5.699999928474e-001 -8.467166870832e-002
 115    5.749999880791e-001 -8.574170619249e-002
 116    5.799999833107e-001 -8.681930601597e-002
 117    5.849999785423e-001 -8.790622651577e-002
 118    5.899999737740e-001 -8.900405466557e-002
 119    5.950000286102e-001 -9.011415392160e-002
 120    6.000000238419e-001 -9.123761951923e-002
 121    6.050000190735e-001 -9.237519651651e-002
 122    6.100000143051e-001 -9.352730959654e-002
 123    6.150000095367e-001 -9.469400346279e-002
 124    6.200000047684e-001 -9.587495774031e-002
 125    6.250000000000e-001 -9.706953912973e-002
 126    6.299999952316e-001 -9.827683120966e-002
 127    6.349999904633e-001 -9.949571639299e-002
 128    6.399999856949e-001 -1.007249355316e-001
 129    6.449999809265e-001 -1.019632220268e-001
 130    6.499999761581e-001 -1.032093316317e-001
 131    6.549999713898e-001 -1.044621542096e-001
 132    6.600000262260e-001 -1.057207435369e-001
 133    6.650000214577e-001 -1.069843396544e-001
 134    6.700000166893e-001 -1.082523986697e-001
 135    6.750000119209e-001 -1.095245182514e-001
 136    6.800000071526e-001 -1.108004599810e-001
 137    6.850000023842e-001 -1.120800226927e-001
 138    6.899999976158e-001 -1.133630722761e-001
 139    6.949999928474e-001 -1.146494448185e-001
 140    6.999999880791e-001 -1.159389689565e-001
 141    7.049999833107e-001 -1.172314062715e-001
 142    7.099999785423e-001 -1.185265257955e-001
 143    7.149999737740e-001 -1.198240593076e-001
 144    7.200000286102e-001 -1.211237460375e-001
 145    7.250000238419e-001 -1.224253103137e-001
 146    7.300000190735e-001 -1.237284913659e-001
 147    7.350000143051e-001 -1.250330060720e-001
 148    7.400000095367e-001 -1.263384670019e-001
 149    7.450000047684e-001 -1.276444345713e-001
 150    7.500000000000e-001 -1.289502978325e-001
 151    7.549999952316e-001 -1.302552819252e-001
 152    7.599999904633e-001 -1.315584480762e-001
 153    7.649999856949e-001 -1.328586935997e-001
 154    7.699999809265e-001 -1.341547667980e-001
 155    7.749999761581e-001 -1.354453563690e-001
 156    7.799999713898e-001 -1.367291212082e-001
 157    7.850000262260e-001 -1.380047500134e-001
 158    7.900000214577e-001 -1.392710059881e-001
 159    7.950000166893e-001 -1.405268162489e-001
 160    8.000000119209e-001 -1.417712569237e-001
 161    8.050000071526e-001 -1.430035680532e-001
 162    8.100000023842e-001 -1.442232131958e-001
 163    8.149999976158e-001 -1.454298198223e-001
 164    8.199999928474e-001 -1.466231942177e-001
 165    8.249999880791e-001 -1.478033065796e-001
 166    8.299999833107e-001 -1.489702910185e-001
 167    8.349999785423e-001 -1.501244604588e-001
 168    8.399999737740e-001 -1.512662619352e-001
 169    8.450000286102e-001 -1.523962914944e-001
 170    8.500000238419e-001 -1.535152345896e-001
 171    8.550000190735e-001 -1.546239405870e-001
 172    8.600000143051e-001 -1.557233184576e-001
 173    8.650000095367e-001 -1.568143814802e-001
 174    8.700000047684e-001 -1.578981727362e-001
 175    8.750000000000e-001 -1.589757651091e-001
 176    8.799999952316e-001 -1.600482612848e-001
 177    8.849999904633e-001 -1.611167341471e-001
 178    8.899999856949e-001 -1.621822565794e-001
 179    8.949999809265e-001 -1.632458865643e-001
 180    8.999999761581e-001 -1.643086522818e-001
 181    9.049999713898e-001 -1.653715819120e-001
 182    9.100000262260e-001 -1.664356887341e-001
 183    9.150000214577e-001 -1.675019264221e-001
 184    9.200000166893e-001 -1.685712933540e-001
 185    9.250000119209e-001 -1.696446835995e-001
 186    9.300000071526e-001 -1.707229614258e-001
 187    9.350000023842e-001 -1.718068867922e-001
 188    9.399999976158e-001 -1.728971153498e-001
 189    9.449999928474e-001 -1.739941090345e-001
 190    9.499999880791e-001 -1.750981807709e-001
 191    9.549999833107e-001 -1.762093901634e-001
 192    9.599999785423e-001 -1.773276627064e-001
 193    9.649999737740e-001 -1.784527152777e-001
 194    9.700000286102e-001 -1.795841455460e-001
 195    9.750000238419e-001 -1.807214915752e-001
 196    9.800000190735e-001 -1.818642765284e-001
 197    9.850000143051e-001 -1.830120235682e-001
 198    9.900000095367e-001 -1.841643601656e-001
 199    9.950000047684e-001 -1.853209882975e-001
 200    1.000000000000e+000 -1.864816546440e-001
 201    1.004999995232e+000 -1.876461356878e-001
 202    1.009999990463e+000 -1.888141930103e-001
 203    1.014999985695e+000 -1.899854987860e-001
 204    1.019999980927e+000 -1.911595463753e-001
 205    1.024999976158e+000 -1.923356652260e-001
 206    1.029999971390e+000 -1.935129165649e-001
 207    1.034999966621e+000 -1.946901232004e-001
 208    1.039999961853e+000 -1.958658546209e-001
 209    1.044999957085e+000 -1.970384418964e-001
 210    1.049999952316e+000 -1.982060074806e-001
 211    1.054999947548e+000 -1.993665695190e-001
 212    1.059999942780e+000 -2.005179971457e-001
 213    1.065000057220e+000 -2.016582041979e-001
 214    1.070000052452e+000 -2.027851939201e-001
 215    1.075000047684e+000 -2.038971185684e-001
 216    1.080000042915e+000 -2.049923986197e-001
 217    1.085000038147e+000 -2.060698270798e-001
 218    1.090000033379e+000 -2.071285992861e-001
 219    1.095000028610e+000 -2.081683427095e-001
 220    1.100000023842e+000 -2.091891318560e-001
 221    1.105000019073e+000 -2.101915031672e-001
 222    1.110000014305e+000 -2.111763060093e-001
 223    1.115000009537e+000 -2.121447175741e-001
 224    1.120000004768e+000 -2.130981087685e-001
 225    1.125000000000e+000 -2.140379548073e-001
 226    1.129999995232e+000 -2.149657607079e-001
 227    1.134999990463e+000 -2.158830016851e-001
 228    1.139999985695e+000 -2.167910039425e-001
 229    1.144999980927e+000 -2.176910042763e-001
 230    1.149999976158e+000 -2.185840308666e-001
 231    1.154999971390e+000 -2.194709479809e-001
 232    1.159999966621e+000 -2.203524410725e-001
 233    1.164999961853e+000 -2.212290167809e-001
 234    1.169999957085e+000 -2.221010476351e-001
 235    1.174999952316e+000 -2.229688018560e-001
 236    1.179999947548e+000 -2.238325178623e-001
 237    1.184999942780e+000 -2.246923893690e-001
 238    1.190000057220e+000 -2.255486547947e-001
 239    1.195000052452e+000 -2.264016419649e-001
 240    1.200000047684e+000 -2.272518128157e-001
 241    1.205000042915e+000 -2.280997484922e-001
 242    1.210000038147e+000 -2.289461940527e-001
 243    1.215000033379e+000 -2.297919839621e-001
 244    1.220000028610e+000 -2.306380569935e-001
 245    1.225000023842e+000 -2.314853668213e-001
 246    1.230000019073e+000 -2.323348373175e-001
 247    1.235000014305e+000 -2.331872582436e-001
 248    1.240000009537e+000 -2.340433299541e-001
 249    1.245000004768e+000 -2.349035292864e-001
 250    1.250000000000e+000 -2.357681095600e-001
 251    1.254999995232e+000 -2.366371154785e-001
 252    1.259999990463e+000 -2.375103831291e-001
 253    1.264999985695e+000 -2.383874803782e-001
 254    1.269999980927e+000 -2.392678260803e-001
 255    1.274999976158e+000 -2.401506453753e-001
 256    1.279999971390e+000 -2.410349994898e-001
 257    1.284999966621e+000 -2.419198602438e-001
 258    1.289999961853e+000 -2.428040504456e-001
 259    1.294999957085e+000 -2.436863631010e-001
 260    1.299999952316e+000 -2.445655018091e-001
 261    1.304999947548e+000 -2.454400956631e-001
 262    1.309999942780e+000 -2.463087141514e-001
 263    1.315000057220e+000 -2.471698820591e-001
 264    1.320000052452e+000 -2.480220794678e-001
 265    1.325000047684e+000 -2.488637864590e-001
 266    1.330000042915e+000 -2.496935427189e-001
 267    1.335000038147e+000 -2.505100369453e-001
 268    1.340000033379e+000 -2.513123154640e-001
 269    1.345000028610e+000 -2.520997226238e-001
 270    1.350000023842e+000 -2.528722584248e-001
 271    1.355000019073e+000 -2.536304593086e-001
 272    1.360000014305e+000 -2.543756365776e-001
 273    1.365000009537e+000 -2.551097869873e-001
 274    1.370000004768e+000 -2.558354437351e-001
 275    1.375000000000e+000 -2.565555870533e-001
 276    1.379999995232e+000 -2.572734355927e-001
 277    1.384999990463e+000 -2.579920589924e-001
 278    1.389999985695e+000 -2.587141692638e-001
 279    1.394999980927e+000 -2.594419121742e-001
 280    1.399999976158e+000 -2.601764500141e-001
 281    1.404999971390e+000 -2.609181404114e-001
 282    1.409999966621e+000 -2.616663277149e-001
 283    1.414999961853e+000 -2.624195516109e-001
 284    1.419999957085e+000 -2.631758153439e-001
 285    1.424999952316e+000 -2.639327943325e-001
 286    1.429999947548e+000 -2.646881341934e-001
 287    1.434999942780e+000 -2.654399275780e-001
 288    1.440000057220e+000 -2.661867439747e-001
 289    1.445000052452e+000 -2.669278085232e-001
 290    1.450000047684e+000 -2.676632106304e-001
 291    1.455000042915e+000 -2.683936059475e-001
 292    1.460000038147e+000 -2.691201865673e-001
 293    1.465000033379e+000 -2.698444426060e-001
 294    1.470000028610e+000 -2.705679535866e-001
 295    1.475000023842e+000 -2.712921202183e-001
 296    1.480000019073e+000 -2.720179855824e-001
 297    1.485000014305e+000 -2.727461755276e-001
 298    1.490000009537e+000 -2.734767794609e-001
 299    1.495000004768e+000 -2.742093801498e-001
 300    1.500000000000e+000 -2.749432027340e-001
