 0    0.000000000000e+000  0.000000000000e+000
 1    4.999999888241e-003  1.801793825251e-009
 2    9.999999776483e-003  1.795364923396e-008
 3    1.499999966472e-002  9.334932116190e-008
 4    1.999999955297e-002  3.376163704161e-007
 5    2.500000037253e-002  9.535565936858e-007
 6    2.999999932945e-002  2.236934278699e-006
 7    3.500000014901e-002  4.525531949184e-006
 8    3.999999910593e-002  8.094714758045e-006
 9    4.500000178814e-002  1.302703822148e-005
 10    5.000000074506e-002  1.911046820169e-005
 11    5.499999970198e-002  2.582745401014e-005
 12    5.999999865890e-002  3.247606582590e-005
 13    6.499999761581e-002  3.841829311568e-005
 14    7.000000029802e-002  4.339616498328e-005
 15    7.500000298023e-002  4.781658572028e-005
 16    7.999999821186e-002  5.290025728755e-005
 17    8.500000089407e-002  6.062538159313e-005
 18    9.000000357628e-002  7.346280472120e-005
 19    9.499999880791e-002  9.397257235833e-005
 20    1.000000014901e-001  1.243846199941e-004
 21    1.049999967217e-001  1.662979484536e-004
 22    1.099999994040e-001  2.205968630733e-004
 23    1.150000020862e-001  2.876125217881e-004
 24    1.199999973178e-001  3.674778272398e-004
 25    1.250000000000e-001  4.605626454577e-004
 26    1.299999952316e-001  5.678544403054e-004
 27    1.350000053644e-001  6.911725504324e-004
 28    1.400000005960e-001  8.331610588357e-004
 29    1.449999958277e-001  9.970765095204e-004
 30    1.500000059605e-001  1.186443376355e-003
 31    1.550000011921e-001  1.404684153385e-003
 32    1.599999964237e-001  1.654822495766e-003
 33    1.650000065565e-001  1.939328387380e-003
 34    1.700000017881e-001  2.260121749714e-003
 35    1.749999970198e-001  2.618707483634e-003
 36    1.800000071526e-001  3.016382688656e-003
 37    1.850000023842e-001  3.454448888078e-003
 38    1.899999976158e-001  3.934373613447e-003
 39    1.949999928474e-001  4.457871429622e-003
 40    2.000000029802e-001  5.026901140809e-003
 41    2.049999982119e-001  5.643594078720e-003
 42    2.099999934435e-001  6.310147233307e-003
 43    2.150000035763e-001  7.028700318187e-003
 44    2.199999988079e-001  7.801224943250e-003
 45    2.249999940395e-001  8.629435673356e-003
 46    2.300000041723e-001  9.514724835753e-003
 47    2.349999994040e-001  1.045811828226e-002
 48    2.399999946356e-001  1.146026048809e-002
 49    2.450000047684e-001  1.252141408622e-002
 50    2.500000000000e-001  1.364148873836e-002
 51    2.549999952316e-001  1.482008211315e-002
 52    2.599999904633e-001  1.605654507875e-002
 53    2.649999856949e-001  1.735005900264e-002
 54    2.700000107288e-001  1.869970373809e-002
 55    2.750000059605e-001  2.010452374816e-002
 56    2.800000011921e-001  2.156355604529e-002
 57    2.849999964237e-001  2.307584136724e-002
 58    2.899999916553e-001  2.464038692415e-002
 59    2.949999868870e-001  2.625611238182e-002
 60    3.000000119209e-001  2.792178653181e-002
 61    3.050000071526e-001  2.963596023619e-002
 62    3.100000023842e-001  3.139691427350e-002
 63    3.149999976158e-001  3.320265933871e-002
 64    3.199999928474e-001  3.505093976855e-002
 65    3.249999880791e-001  3.693930059671e-002
 66    3.300000131130e-001  3.886515274644e-002
 67    3.350000083447e-001  4.082586243749e-002
 68    3.400000035763e-001  4.281883314252e-002
 69    3.449999988079e-001  4.484156891704e-002
 70    3.499999940395e-001  4.689170792699e-002
 71    3.549999892712e-001  4.896703362465e-002
 72    3.600000143051e-001  5.106547102332e-002
 73    3.650000095367e-001  5.318504571915e-002
 74    3.700000047684e-001  5.532385408878e-002
 75    3.750000000000e-001  5.748003721237e-002
 76    3.799999952316e-001  5.965174362063e-002
 77    3.849999904633e-001  6.183711811900e-002
 78    3.899999856949e-001  6.403432041407e-002
 79    3.950000107288e-001  6.624152511358e-002
 80    4.000000059605e-001  6.845696270466e-002
 81    4.050000011921e-001  7.067897170782e-002
 82    4.099999964237e-001  7.290600240231e-002
 83    4.149999916553e-001  7.513671368361e-002
 84    4.199999868870e-001  7.736997306347e-002
 85    4.250000119209e-001  7.960491627455e-002
 86    4.300000071526e-001  8.184092491865e-002
 87    4.350000023842e-001  8.407767862082e-002
 88    4.399999976158e-001  8.631508052349e-002
 89    4.449999928474e-001  8.855323493481e-002
 90    4.499999880791e-001  9.079241752625e-002
 91    4.550000131130e-001  9.303296357393e-002
 92    4.600000083447e-001  9.527525305748e-002
 93    4.650000035763e-001  9.751965850592e-002
 94    4.699999988079e-001  9.976649284363e-002
 95    4.749999940395e-001  1.020160466433e-001
 96    4.799999892712e-001  1.042685732245e-001
 97    4.850000143051e-001  1.065243631601e-001
 98    4.900000095367e-001  1.087837889791e-001
 99    4.950000047684e-001  1.110473498702e-001
 100    5.000000000000e-001  1.133157163858e-001
 101    5.049999952316e-001  1.155897527933e-001
 102    5.099999904633e-001  1.178705096245e-001
 103    5.149999856949e-001  1.201591938734e-001
 104    5.199999809265e-001  1.224571093917e-001
 105    5.249999761581e-001  1.247655972838e-001
 106    5.299999713898e-001  1.270859986544e-001
 107    5.350000262260e-001  1.294195353985e-001
 108    5.400000214577e-001  1.317673623562e-001
 109    5.450000166893e-001  1.341304779053e-001
 110    5.500000119209e-001  1.365097314119e-001
 111    5.550000071526e-001  1.389059126377e-001
 112    5.600000023842e-001  1.413197368383e-001
 113    5.649999976158e-001  1.437518894672e-001
 114    5.699999928474e-001  1.462030857801e-001
 115    5.749999880791e-001  1.486741006374e-001
 116    5.799999833107e-001  1.511657983065e-001
 117    5.849999785423e-001  1.536791473627e-001
 118    5.899999737740e-001  1.562151908875e-001
 119    5.950000286102e-001  1.587750762701e-001
 120    6.000000238419e-001  1.613600105047e-001
 121    6.050000190735e-001  1.639712005854e-001
 122    6.100000143051e-001  1.666098833084e-001
 123    6.150000095367e-001  1.692772805691e-001
 124    6.200000047684e-001  1.719745397568e-001
 125    6.250000000000e-001  1.747027188540e-001
 126    6.299999952316e-001  1.774628460407e-001
 127    6.349999904633e-001  1.802558153868e-001
 128    6.399999856949e-001  1.830824613571e-001
 129    6.449999809265e-001  1.859434992075e-001
 130    6.499999761581e-001  1.888396441936e-001
 131    6.549999713898e-001  1.917714923620e-001
 132    6.600000262260e-001  1.947396248579e-001
 133    6.650000214577e-001  1.977446079254e-001
 134    6.700000166893e-001  2.007869631052e-001
 135    6.750000119209e-001  2.038672268391e-001
 136    6.800000071526e-001  2.069858908653e-001
 137    6.850000023842e-001  2.101434618235e-001
 138    6.899999976158e-001  2.133404314518e-001
 139    6.949999928474e-001  2.165772765875e-001
 140    6.999999880791e-001  2.198544442654e-001
 141    7.049999833107e-001  2.231723368168e-001
 142    7.099999785423e-001  2.265313118696e-001
 143    7.149999737740e-001  2.299316972494e-001
 144    7.200000286102e-001  2.333737462759e-001
 145    7.250000238419e-001  2.368575930595e-001
 146    7.300000190735e-001  2.403833717108e-001
 147    7.350000143051e-001  2.439510375261e-001
 148    7.400000095367e-001  2.475605010986e-001
 149    7.450000047684e-001  2.512115836143e-001
 150    7.500000000000e-001  2.549039721489e-001
 151    7.549999952316e-001  2.586373090744e-001
 152    7.599999904633e-001  2.624111771584e-001
 153    7.649999856949e-001  2.662250697613e-001
 154    7.699999809265e-001  2.700785100460e-001
 155    7.749999761581e-001  2.739710211754e-001
 156    7.799999713898e-001  2.779020667076e-001
 157    7.850000262260e-001  2.818712294102e-001
 158    7.900000214577e-001  2.858780622482e-001
 159    7.950000166893e-001  2.899221777916e-001
 160    8.000000119209e-001  2.940032482147e-001
 161    8.050000071526e-001  2.981208562851e-001
 162    8.100000023842e-001  3.022746741772e-001
 163    8.149999976158e-001  3.064642846584e-001
 164    8.199999928474e-001  3.106892108917e-001
 165    8.249999880791e-001  3.149489164352e-001
 166    8.299999833107e-001  3.192428052425e-001
 167    8.349999785423e-001  3.235702216625e-001
 168    8.399999737740e-001  3.279303312302e-001
 169    8.450000286102e-001  3.323223888874e-001
 170    8.500000238419e-001  3.367455303669e-001
 171    8.550000190735e-001  3.411988914013e-001
 172    8.600000143051e-001  3.456816077232e-001
 173    8.650000095367e-001  3.501928746700e-001
 174    8.700000047684e-001  3.547318577766e-001
 175    8.750000000000e-001  3.592978417873e-001
 176    8.799999952316e-001  3.638900220394e-001
 177    8.849999904633e-001  3.685076534748e-001
 178    8.899999856949e-001  3.731499016285e-001
 179    8.949999809265e-001  3.778158724308e-001
 180    8.999999761581e-001  3.825045228004e-001
 181    9.049999713898e-001  3.872147202492e-001
 182    9.100000262260e-001  3.919451534748e-001
 183    9.150000214577e-001  3.966943323612e-001
 184    9.200000166893e-001  4.014606475830e-001
 185    9.250000119209e-001  4.062423408031e-001
 186    9.300000071526e-001  4.110376536846e-001
 187    9.350000023842e-001  4.158447384834e-001
 188    9.399999976158e-001  4.206617474556e-001
 189    9.449999928474e-001  4.254869818687e-001
 190    9.499999880791e-001  4.303187429905e-001
 191    9.549999833107e-001  4.351554214954e-001
 192    9.599999785423e-001  4.399955272675e-001
 193    9.649999737740e-001  4.448377192020e-001
 194    9.700000286102e-001  4.496805667877e-001
 195    9.750000238419e-001  4.545228481293e-001
 196    9.800000190735e-001  4.593631923199e-001
 197    9.850000143051e-001  4.642003178596e-001
 198    9.900000095367e-001  4.690328240395e-001
 199    9.950000047684e-001  4.738593995571e-001
 200    1.000000000000e+000  4.786785840988e-001
 201    1.004999995232e+000  4.834890067577e-001
 202    1.009999990463e+000  4.882892966270e-001
 203    1.014999985695e+000  4.930782020092e-001
 204    1.019999980927e+000  4.978545308113e-001
 205    1.024999976158e+000  5.026173591614e-001
 206    1.029999971390e+000  5.073660016060e-001
 207    1.034999966621e+000  5.120999217033e-001
 208    1.039999961853e+000  5.168188810349e-001
 209    1.044999957085e+000  5.215229988098e-001
 210    1.049999952316e+000  5.262125730515e-001
 211    1.054999947548e+000  5.308881998062e-001
 212    1.059999942780e+000  5.355506539345e-001
 213    1.065000057220e+000  5.402007699013e-001
 214    1.070000052452e+000  5.448396205902e-001
 215    1.075000047684e+000  5.494683980942e-001
 216    1.080000042915e+000  5.540881156921e-001
 217    1.085000038147e+000  5.587000846863e-001
 218    1.090000033379e+000  5.633053183556e-001
 219    1.095000028610e+000  5.679050087929e-001
 220    1.100000023842e+000  5.725002288818e-001
 221    1.105000019073e+000  5.770919919014e-001
 222    1.110000014305e+000  5.816811919212e-001
 223    1.115000009537e+000  5.862687230110e-001
 224    1.120000004768e+000  5.908554196358e-001
 225    1.125000000000e+000  5.954419970512e-001
 226    1.129999995232e+000  6.000291705132e-001
 227    1.134999990463e+000  6.046175956726e-001
 228    1.139999985695e+000  6.092079281807e-001
 229    1.144999980927e+000  6.138009428978e-001
 230    1.149999976158e+000  6.183973550797e-001
 231    1.154999971390e+000  6.229982376099e-001
 232    1.159999966621e+000  6.276048421860e-001
 233    1.164999961853e+000  6.322187185287e-001
 234    1.169999957085e+000  6.368418335915e-001
 235    1.174999952316e+000  6.414766311646e-001
 236    1.179999947548e+000  6.461260318756e-001
 237    1.184999942780e+000  6.507933735847e-001
 238    1.190000057220e+000  6.554825305939e-001
 239    1.195000052452e+000  6.601977348328e-001
 240    1.200000047684e+000  6.649435162544e-001
 241    1.205000042915e+000  6.697247028351e-001
 242    1.210000038147e+000  6.745459437370e-001
 243    1.215000033379e+000  6.794119477272e-001
 244    1.220000028610e+000  6.843270063400e-001
 245    1.225000023842e+000  6.892951726913e-001
 246    1.230000019073e+000  6.943197846413e-001
 247    1.235000014305e+000  6.994036436081e-001
 248    1.240000009537e+000  7.045487761497e-001
 249    1.245000004768e+000  7.097565531731e-001
 250    1.250000000000e+000  7.150276303291e-001
 251    1.254999995232e+000  7.203620672226e-001
 252    1.259999990463e+000  7.257593274117e-001
 253    1.264999985695e+000  7.312183976173e-001
 254    1.269999980927e+000  7.367380857468e-001
 255    1.274999976158e+000  7.423169016838e-001
 256    1.279999971390e+000  7.479534745216e-001
 257    1.284999966621e+000  7.536463737488e-001
 258    1.289999961853e+000  7.593946456909e-001
 259    1.294999957085e+000  7.651975750923e-001
 260    1.299999952316e+000  7.710549235344e-001
 261    1.304999947548e+000  7.769670486450e-001
 262    1.309999942780e+000  7.829349637032e-001
 263    1.315000057220e+000  7.889601588249e-001
 264    1.320000052452e+000  7.950447201729e-001
 265    1.325000047684e+000  8.011913895607e-001
 266    1.330000042915e+000  8.074031472206e-001
 267    1.335000038147e+000  8.136832714081e-001
 268    1.340000033379e+000  8.200350403786e-001
 269    1.345000028610e+000  8.264615535736e-001
 270    1.350000023842e+000  8.329655528069e-001
 271    1.355000019073e+000  8.395491838455e-001
 272    1.360000014305e+000  8.462137579918e-001
 273    1.365000009537e+000  8.529597520828e-001
 274    1.370000004768e+000  8.597865104675e-001
 275    1.375000000000e+000  8.666924834251e-001
 276    1.379999995232e+000  8.736751079559e-001
 277    1.384999990463e+000  8.807309269905e-001
 278    1.389999985695e+000  8.878558278084e-001
 279    1.394999980927e+000  8.950451612473e-001
 280    1.399999976158e+000  9.022939801216e-001
 281    1.404999971390e+000  9.095969796181e-001
 282    1.409999966621e+000  9.169492125511e-001
 283    1.414999961853e+000  9.243457913399e-001
 284    1.419999957085e+000  9.317821860313e-001
 285    1.424999952316e+000  9.392544031143e-001
 286    1.429999947548e+000  9.467589855194e-001
 287    1.434999942780e+000  9.542931914330e-001
 288    1.440000057220e+000  9.618548750877e-001
 289    1.445000052452e+000  9.694425463676e-001
 290    1.450000047684e+000  9.770553112030e-001
 291    1.455000042915e+000  9.846928119659e-001
 292    1.460000038147e+000  9.923549294472e-001
 293    1.465000033379e+000  1.000041842461e+000
 294    1.470000028610e+000  1.007753729820e+000
 295    1.475000023842e+000  1.015490889549e+000
 296    1.480000019073e+000  1.023253321648e+000
 297    1.485000014305e+000  1.031040787697e+000
 298    1.490000009537e+000  1.038853049278e+000
 299    1.495000004768e+000  1.046689271927e+000
 300    1.500000000000e+000  1.054548740387e+000